cow,date,kgm,time,meanCH4,meanCO2,meanRatioCH4_CO2,AUC_CH4,AUC_Ratio,peaks,peaks_per_minute,Sum_of_PeaksCH4,Sum_of_PeaksCO2,Sum_of_PeaksRatio,Mean_of_PeaksCH4,Mean_of_PeaksRatio,Sum_MaxPeak,meanCH4_5s,Sum_of_PeaksCH4_5s,validity
5425,Tue Aug 09 17:31:52 CEST 2022,15.84,327,146.47,2313.8,0.09,14653.21,8.39,5,0.92,7390.83,104858.72,4.3,28.72,0.02,223.85,145.9,1464.22,1
6502,Tue Aug 09 17:37:21 CEST 2022,14.39,358,395.57,4347.48,0.09,30028.49,5.72,3,0.5,15105.59,104978.21,2.89,84.96,0.02,775.14,418.33,2793.85,1
6734,Tue Aug 09 17:43:21 CEST 2022,13.85,418,145.07,2814.31,0.05,5263.64,1.67,3,0.43,2674.16,52987.75,0.86,23.06,0.01,89.71,144.83,544.02,1
6493,Tue Aug 09 17:50:21 CEST 2022,13.72,418,235.07,2594.37,0.09,14608.71,4.72,3,0.43,7337.8,64927.75,2.37,42.07,0.01,380.81,242.57,1417.89,1
7431,Tue Aug 09 17:59:40 CEST 2022,15.86,459,426.97,4366.5,0.08,27266.67,5.05,5,0.65,13754.25,127803.92,2.55,61.29,0.01,579.08,415.17,2786.14,1
9765,Tue Aug 09 18:09:57 CEST 2022,10.55,322,194.63,2952.69,0.04,19926.71,4.04,4,0.75,10021.12,142991.55,2.03,41.11,0.01,256.21,196.5,2001.24,11
2504,Tue Aug 09 18:15:26 CEST 2022,14.31,353,245.03,6197.7,0.05,19440,3.07,4,0.68,9906.29,229835.35,1.59,60.12,0.01,337.05,245.83,1993.43,1
2514,Tue Aug 09 18:21:21 CEST 2022,18.76,418,621.93,6548.15,0.11,47065.55,8.07,4,0.57,23648.33,206844.98,4.05,112.55,0.02,1062.2,639.17,4761.24,1
7436,Tue Aug 09 18:34:53 CEST 2022,8.34,266,493.27,6448.67,0.09,48298.65,7.55,4,0.9,24359.55,297304.06,3.82,138.59,0.02,1139.55,510.49,4979.55,1
9750,Tue Aug 09 18:39:21 CEST 2022,18.33,418,375.19,4027.56,0.1,21424.02,6.02,3,0.43,10799.43,82897.03,3.04,64.91,0.02,557.8,383.67,1983.44,1
7441,Tue Aug 09 18:48:03 CEST 2022,9.56,496,261.73,4234.37,0.04,17648.95,2.51,5,0.6,8900.08,141728.23,1.27,32.34,0,247.98,262.33,1781.37,0
3153,Tue Aug 09 18:56:21 CEST 2022,13.08,538,174.73,3742.97,0.06,7257.99,2.93,4,0.45,3671.38,62648.25,1.49,17.19,0.01,114.87,171.83,711.52,1
6499,Tue Aug 09 19:07:32 CEST 2022,9.49,467,870.27,8520.13,0.09,41896.7,4.32,4,0.51,21433.23,214264.75,2.21,150.82,0.01,1045.7,862.67,4181.24,1
9779,Tue Aug 09 19:18:07 CEST 2022,15.98,372,814.37,7590.95,0.13,73120.97,7.65,4,0.65,36858.71,345245.48,3.85,147.97,0.02,1528.87,823,7439.35,1
6490,Tue Aug 09 19:24:21 CEST 2022,26.82,358,940.3,9991.8,0.08,63098.88,4.87,3,0.5,31942.46,226791.62,2.47,261.97,0.02,1324.02,927.67,6227.93,11
9758,Tue Aug 09 19:30:21 CEST 2022,19.72,538,806.23,6287.61,0.1,11385.5,2.4,2,0.22,5731.45,94208.48,1.21,35.79,0.01,140.97,795.5,1129.07,1
6239,Tue Aug 09 19:42:23 CEST 2022,9.2,416,154.61,3945.39,0.04,10691.25,2.75,9,1.3,5499.81,130194.81,1.44,25.24,0.01,287.6,155.73,1091.25,1
9785,Tue Aug 09 19:49:34 CEST 2022,18.98,465,239.8,3988.36,0.06,8825.81,1.67,1,0.13,4419.35,71924.39,0.84,42.09,0.01,76.13,233.67,882.58,0
2517,Tue Aug 09 19:58:19 CEST 2022,25.4,480,205.16,4302.79,0.04,11952.25,2.27,4,0.5,6059.75,97877.75,1.16,34.87,0.01,184,206.17,1220,0
6244,Tue Aug 09 20:06:26 CEST 2022,24.02,473,526.57,4751.14,0.09,30995.77,4.42,3,0.38,15587.32,104084.4,2.23,87.07,0.01,553.07,536.33,3057.08,1
3132,Tue Aug 09 20:14:21 CEST 2022,19.93,538,318.53,6752.37,0.06,13717.25,2.54,4,0.45,6958.88,121216.73,1.32,40.81,0.01,217.92,320,1382.01,11
3131,Tue Aug 09 20:23:21 CEST 2022,21.19,598,426.3,5213.07,0.08,23709.03,4.6,3,0.3,11899.67,106316.39,2.31,59.46,0.01,586.96,425.83,2518.39,1
1117,Tue Aug 09 20:34:22 CEST 2022,25.33,717,1307.87,11285.77,0.1,59360.67,4.29,4,0.33,29902.09,224657.91,2.16,148.01,0.01,1242.68,1338.83,6006.69,11
7435,Tue Aug 09 20:50:28 CEST 2022,19.69,531,321.2,6889.1,0.04,12565.2,1.69,5,0.56,6425.54,134195.48,0.87,39.24,0.01,242.37,319.17,1301.69,10
7437,Tue Aug 09 21:00:36 CEST 2022,10.88,463,800.8,7457.22,0.11,49146.87,6.96,5,0.65,24791.79,249419.61,3.5,101.08,0.01,949.89,793.33,4823.33,1
7434,Tue Aug 09 21:08:21 CEST 2022,19.77,538,314.01,8223.93,0.04,19623.79,2.64,4,0.45,9896.21,217505.58,1.34,43.27,0.01,245.46,315.17,1965.06,1
5430,Tue Aug 09 21:18:25 CEST 2022,20.21,534,532.5,5761.7,0.08,33695.51,4.91,5,0.56,16922.47,164784.27,2.47,65.44,0.01,1058.99,555,3546.52,0
2516,Tue Aug 09 21:28:24 CEST 2022,24.14,475,521.2,3296.13,0.07,34489.26,4.45,3,0.38,17322.95,89613.22,2.24,83.25,0.01,659.37,541.17,3385.26,1
3134,Tue Aug 09 21:36:21 CEST 2022,24.77,598,508.3,6732.07,0.06,26837.46,2.99,4,0.4,13480.94,171566.29,1.5,51.5,0.01,441.97,508.17,2606.69,1
5132,Tue Aug 09 21:50:02 CEST 2022,22.58,557,72.03,2142.9,0.04,4260.32,2.02,5,0.54,2144.7,52064.27,1.02,9.84,0,80.25,71.83,429.8,0
5426,Tue Aug 09 22:06:21 CEST 2022,15.17,418,952.8,8140.33,0.11,77652.63,8.88,5,0.72,39261.24,327054.83,4.48,157.99,0.02,1439,944.33,7686.6,10
233,Tue Aug 09 22:13:21 CEST 2022,8.32,418,218.93,6103.9,0.03,16576.08,2.33,4,0.57,8369.86,226198.56,1.18,38.29,0.01,200.96,220.67,1666.51,1
7442,Tue Aug 09 22:30:47 CEST 2022,7.56,332,149.37,1787.43,0.05,9088.55,3.83,3,0.54,4763.86,53954.82,1.95,81.2,0.02,281.93,145.83,934.34,0
6232,Tue Aug 09 22:36:21 CEST 2022,15.44,418,719.5,6278.21,0.09,39410.53,4.56,2,0.29,19827.27,142930.33,2.29,178.85,0.02,730.62,725.17,3762.2,1
9752,Tue Aug 09 22:48:06 CEST 2022,14.32,433,558.8,8310.47,0.07,38693.76,2.62,5,0.69,19680.83,309619.4,1.33,88.96,0.01,548.04,554.33,3917.32,1
5427,Tue Aug 09 22:55:21 CEST 2022,17.07,418,401.7,4811.9,0.07,28725.36,5,4,0.57,14489,132186.6,2.53,78.92,0.01,587.08,396.67,2786.12,1
2505,Tue Aug 09 23:05:29 CEST 2022,16.27,410,308.47,4883.27,0.06,21839.12,3.87,5,0.73,11044.68,152408.78,1.96,56,0.01,572.2,319.5,2296.1,1
5424,Tue Aug 09 23:13:24 CEST 2022,19.4,415,473.67,4051.93,0.07,32744.1,5.04,6,0.87,16879.52,122836.92,2.6,95.51,0.01,913.01,475.83,3294.94,1
2513,Tue Aug 09 23:20:21 CEST 2022,19.84,478,398.87,3362.27,0.1,28623.01,7.35,5,0.63,14476.57,115955.9,3.73,67.45,0.02,630.13,396.17,2871.97,1
5920,Tue Aug 09 23:28:35 CEST 2022,23.92,524,603.13,5821.48,0.08,36526.72,4.52,4,0.46,18389.31,155693.82,2.28,82.07,0.01,757.44,596.5,3608.02,11
7438,Tue Aug 09 23:40:34 CEST 2022,15.11,405,877.07,4730.21,0.09,52395.85,5.36,3,0.44,26255.41,134840.59,2.69,130.37,0.01,1057.48,829.9,5143.7,1
9754,Tue Aug 09 23:48:58 CEST 2022,10.55,381,994.93,8356.7,0.09,89385.83,8.09,6,0.94,45171.65,366842.52,4.09,167.49,0.02,1681.89,992.67,9122.83,0
5420,Tue Aug 09 23:55:21 CEST 2022,16.62,418,188.2,6755.06,0.04,15227.37,3.19,3,0.43,7665.07,228981.82,1.6,32.02,0.01,178.42,185.5,1507.75,1
3628,Wed Aug 10 00:04:07 CEST 2022,15.85,432,173.74,6076.13,0.02,12248.33,1.73,4,0.56,6141.11,217173.61,0.87,24.13,0,157.78,174.27,1222.78,1
6721,Wed Aug 10 00:14:25 CEST 2022,12.46,294,998.39,4297.13,0.09,94059.18,8.57,4,0.82,47233.47,232461.63,4.31,186.23,0.02,1760,999.86,9360.82,1
9765,Wed Aug 10 00:20:13 CEST 2022,9.62,306,429.81,6007.37,0.05,40005.49,4.18,3,0.59,20083.53,261805.1,2.1,108.97,0.01,728.82,420.93,4105.1,1
6499,Wed Aug 10 00:25:21 CEST 2022,5.98,358,268.83,6175.12,0.04,18812.85,2.89,2,0.34,9442.46,155512.29,1.45,56.29,0.01,191.73,268.83,1874.75,11
6243,Wed Aug 10 00:31:21 CEST 2022,17.36,598,761.4,9192.03,0.07,43737.79,3.84,5,0.5,22073.58,257851.1,1.93,83.21,0.01,740.47,760.33,4503.01,11
6502,Wed Aug 10 00:49:15 CEST 2022,9.75,304,247.17,4548.09,0.05,18674.61,4.37,5,0.99,9478.42,170503.42,2.23,41.41,0.01,295.07,242.5,1858.03,0
7436,Wed Aug 10 00:55:55 CEST 2022,9.21,264,671.01,6112.28,0.06,36875.45,3.57,3,0.68,18480,215182.27,1.79,95.91,0.01,815,685.21,3819.09,1
7431,Wed Aug 10 01:00:21 CEST 2022,10.42,298,690.86,6680.26,0.09,77530.07,9.78,4,0.81,38859.46,338503.89,4.91,152.23,0.02,1767.58,656,7736.78,1
6722,Wed Aug 10 01:05:21 CEST 2022,21.41,358,402.19,5433.15,0.06,32358.1,4.71,4,0.67,16290.84,186678.44,2.37,78.8,0.01,633.85,405.17,3163.58,1
7443,Wed Aug 10 01:12:02 CEST 2022,8.88,737,632.53,8941.23,0.07,20277.56,1.83,3,0.24,10227.03,104925.43,0.93,69.32,0.01,387.44,630.37,2079.08,11
5546,Wed Aug 10 01:33:22 CEST 2022,8.57,357,107.33,3214.4,0.04,7500.84,2.31,3,0.5,3810.08,108536.13,1.17,28.93,0.01,119.33,105.67,747.9,10
6734,Wed Aug 10 01:39:21 CEST 2022,15.26,358,277.2,4556.15,0.04,14106.7,2.26,5,0.84,7241.9,120834.64,1.17,48.94,0.01,282.4,280,1486.59,1
6723,Wed Aug 10 01:45:21 CEST 2022,17.85,418,396.99,4796.69,0.07,26257.03,4.43,3,0.43,13178.18,135364.02,2.23,70.59,0.01,487.89,407.53,2703.73,11
7371,Wed Aug 10 01:56:39 CEST 2022,14.68,340,458.54,3257.07,0.04,34920.71,2.81,4,0.71,17558.12,150370.59,1.41,71.39,0.01,452.47,457.5,3514.59,11
9758,Wed Aug 10 02:02:21 CEST 2022,13.5,418,976.86,6604.57,0.09,67966.22,5.36,4,0.57,34294.16,222106.51,2.71,171.18,0.01,1173.01,965.37,6738.09,1
3153,Wed Aug 10 02:09:21 CEST 2022,12.77,478,476.84,5162.81,0.07,33392.38,4.73,4,0.5,16842.93,157648.62,2.39,85.64,0.01,621.21,486.07,3433.05,1
6718,Wed Aug 10 02:17:21 CEST 2022,23.25,598,636.03,7325.83,0.06,32177.46,2.94,5,0.5,16278.66,170098.19,1.49,71.63,0.01,600,650.8,3124.01,10
7441,Wed Aug 10 02:29:49 CEST 2022,7.5,570,224.47,5146.73,0.06,11423.16,3.02,6,0.63,5800,119236,1.54,26.74,0.01,222.11,225,1131.58,0
6725,Wed Aug 10 02:42:49 CEST 2022,18.87,510,492.97,5780.08,0.08,28246.59,3.19,4,0.47,14241.88,169520.47,1.61,68.03,0.01,583.29,491.33,2760.24,1
9750,Wed Aug 10 02:52:21 CEST 2022,19.1,478,1438.91,6352.13,0.11,98240.08,7.36,3,0.38,49249.71,185704.02,3.69,249.14,0.02,1885.73,1449.67,9952.47,0
6732,Wed Aug 10 03:01:07 CEST 2022,14.03,492,675.23,7736.77,0.06,40310.98,3.38,4,0.49,20402.68,216232.68,1.71,111.61,0.01,689.88,682.17,3949.27,11
6500,Wed Aug 10 03:10:30 CEST 2022,12.07,469,467.77,8968.93,0.04,30722.81,2.93,5,0.64,15570.58,293794.54,1.48,63.36,0.01,423.45,471.67,3111.3,1
5425,Wed Aug 10 03:21:15 CEST 2022,15.71,304,692.73,4264.59,0.09,73525.66,9.1,5,0.99,36994.74,206978.68,4.6,148.07,0.02,1865.13,704.33,7075.66,0
6491,Wed Aug 10 03:26:21 CEST 2022,18.84,358,611.64,9033.76,0.09,57661.68,8.78,3,0.5,28924.36,280098.1,4.41,129.08,0.02,885.42,623.23,5592.74,1
2507,Wed Aug 10 03:36:07 CEST 2022,18.96,552,888.41,9656.2,0.08,29361.52,2.68,3,0.33,14734.35,140994.78,1.35,71.65,0.01,620.43,871.33,2829.13,1
7957,Wed Aug 10 03:47:48 CEST 2022,19.48,451,402.03,3709.87,0.05,25752.64,2.97,5,0.67,13003.1,111175.61,1.5,59.79,0.01,588.69,417.83,2683.1,1
9779,Wed Aug 10 03:58:37 CEST 2022,8.76,282,240.04,5139.78,0.04,24146.38,3.35,4,0.85,12125.11,273596.6,1.68,49.49,0.01,335.96,240.36,2397.87,1
2514,Wed Aug 10 04:03:21 CEST 2022,19.62,298,765.97,7475.06,0.06,59609.4,4.06,2,0.4,29976.24,209735.03,2.04,237.83,0.02,1096.71,779.56,5784.56,11
2504,Wed Aug 10 04:13:49 CEST 2022,13.09,330,710.41,8780.1,0.06,70489.82,6.41,6,1.09,35817.82,410942.18,3.26,162.77,0.01,1806.55,699,7224.73,1
6239,Wed Aug 10 04:19:58 CEST 2022,9.7,321,821.63,10490.51,0.08,78942.06,6.29,3,0.56,39631.78,420047.1,3.16,209.16,0.02,1466.36,814,7816.82,1
2517,Wed Aug 10 04:27:17 CEST 2022,15.26,362,1093.17,6367.39,0.17,85380.66,12.56,4,0.66,43317.68,228386.52,6.35,259.08,0.03,2028.73,1105.5,8608.84,1
9752,Wed Aug 10 04:35:47 CEST 2022,10.77,272,953.3,4375.66,0.1,92156.03,9.67,3,0.66,46114.85,204056.03,4.85,212.97,0.02,2163.31,990.59,9082.06,1
5420,Wed Aug 10 04:40:21 CEST 2022,11.91,298,700.3,5588.3,0.08,44506.71,5.61,4,0.81,22298.66,221152.35,2.82,93.73,0.01,1099.33,657.12,4606.71,11
2516,Wed Aug 10 04:45:21 CEST 2022,10.55,478,346.31,8136.57,0.04,17131.63,2.13,3,0.38,8607.36,202645.86,1.07,42.65,0.01,199.46,342.53,1701.09,11
9765,Wed Aug 10 04:58:39 CEST 2022,8.16,280,326.78,5022.7,0.09,30312,7.86,5,1.07,15405.86,223090.71,4.01,81.74,0.02,582.86,325,3085.71,0
3131,Wed Aug 10 05:03:21 CEST 2022,13.06,298,257.15,7853.78,0.03,27832.35,2.61,4,0.81,14099.6,389544.97,1.32,66.22,0.01,323.36,256.98,2816.38,10
9759,Wed Aug 10 05:08:23 CEST 2022,18.57,476,1544.2,11655.58,0.11,102823.11,6.79,4,0.5,51802.94,356448.4,3.42,252.45,0.02,1767.86,1553.83,10465.97,1
4110,Wed Aug 10 05:16:21 CEST 2022,15.92,538,1144.63,6585.08,0.12,44743.49,5.59,5,0.56,23020.82,126762.83,2.85,170.63,0.02,1692.94,1115.17,4678.44,1
6499,Wed Aug 10 05:26:23 CEST 2022,9.02,536,773.81,10265.53,0.07,48608.28,4.18,4,0.45,24445.07,305955.45,2.1,90.3,0.01,690.56,770.73,4919.1,1
9785,Wed Aug 10 05:39:56 CEST 2022,13.95,323,148.4,1612.8,0.06,4629.1,0.57,1,0.19,2416.72,30860.06,0.3,120.84,0.02,143.03,145.33,481.11,0
5132,Wed Aug 10 05:45:21 CEST 2022,11.79,358,531.47,5221.83,0.09,20892.74,3.42,4,0.67,10846.93,100151.4,1.77,136.45,0.02,829.61,545,2130.17,1
1117,Wed Aug 10 05:59:21 CEST 2022,18,418,327.03,6237.39,0.05,19039.23,2.78,4,0.57,9618.95,175680.57,1.41,46.85,0.01,262.97,326.87,1893.3,1
5430,Wed Aug 10 06:08:39 CEST 2022,14.87,400,273.77,5789.03,0.04,18601.2,2.39,4,0.6,9355.2,205487.7,1.21,39.58,0.01,242.85,273.33,1863.3,1
6498,Wed Aug 10 06:15:22 CEST 2022,13.83,417,598.1,6094.46,0.08,40831.65,4.99,3,0.43,20595.68,156310.79,2.52,132.89,0.02,667.63,605.67,4086.33,11
7435,Wed Aug 10 06:42:56 CEST 2022,15.1,383,1291.4,9782.64,0.12,118784.33,10.66,4,0.63,59896.61,434391.54,5.37,258.85,0.02,1940.99,1281.83,11837.08,11
6232,Wed Aug 10 06:49:21 CEST 2022,10.24,418,1448.16,11694.25,0.12,91570.33,8.51,4,0.57,46125.65,366324.69,4.28,227.52,0.02,1750.05,1449.7,9334.45,1
5424,Wed Aug 10 07:00:10 CEST 2022,9.5,369,324.83,6590.94,0.05,14026.02,2.78,2,0.33,7110.57,125290.73,1.4,67.98,0.01,190.24,321.33,1373.98,1
7436,Wed Aug 10 07:10:01 CEST 2022,9.01,258,260.58,3966.56,0.08,23169.77,7.62,3,0.7,11658.14,179490.7,3.83,64.52,0.02,309.3,263.73,2337.21,1
6243,Wed Aug 10 07:32:01 CEST 2022,10.82,498,199.57,3742.6,0.04,9668.67,1.92,5,0.6,4920.48,92306.75,0.98,26.41,0.01,172.29,199.33,965.06,0
3132,Wed Aug 10 07:41:36 CEST 2022,17.64,463,513.57,8111.43,0.04,28682.85,2.06,4,0.52,14517.15,240991.62,1.04,69.77,0,361.04,513.83,2908.25,11
7437,Wed Aug 10 07:50:39 CEST 2022,10.92,460,282.83,3954,0.04,18675.65,2.75,4,0.52,9466.96,108870.78,1.39,48.22,0.01,241.3,285.33,1909.57,0
6734,Wed Aug 10 08:01:46 CEST 2022,11.16,333,294.84,7395.3,0.03,24108.83,2.07,4,0.72,12130.81,317260.54,1.04,52.24,0,307.03,293.5,2435.32,11
6244,Wed Aug 10 08:13:21 CEST 2022,19.62,118,114.62,2130.59,0.03,13255.93,3.99,1,0.51,6630.51,110827.12,2,74.5,0.02,152.54,116.52,1327.12,11
6493,Wed Aug 10 08:15:22 CEST 2022,14.02,477,109.6,5196.97,0.02,6105.66,0.98,2,0.25,3074.21,95020.38,0.49,23.59,0,74.21,111.17,615.09,11
2511,Wed Aug 10 08:23:27 CEST 2022,19.57,532,380.33,6397.69,0.05,22050,2.89,5,0.56,11141.5,185530.15,1.46,42.35,0.01,288.16,383.53,2234.66,11
5920,Wed Aug 10 08:34:54 CEST 2022,17.65,445,528.73,5866.61,0.06,32471.46,3.52,4,0.54,16376.63,148221.57,1.78,86.35,0.01,643.82,514.5,3318.2,11
6720,Wed Aug 10 08:43:58 CEST 2022,14.28,381,994.67,6179.03,0.08,83705.51,6.85,4,0.63,42088.19,265077.17,3.44,147.03,0.01,1192.91,990.17,8338.58,11
2507,Wed Aug 10 08:58:43 CEST 2022,12.15,396,12.13,397.13,0.02,1101.52,0.66,1,0.15,551.52,15730.3,0.33,7.35,0,12.12,12,110.61,10
9754,Wed Aug 10 09:06:55 CEST 2022,13.71,384,772.07,4340.07,0.09,57157.81,6.25,5,0.78,28850,129185.31,3.16,119.59,0.01,1347.66,776.33,5645.31,1
6502,Wed Aug 10 09:14:32 CEST 2022,11.91,347,471.74,5211.05,0.06,40554.81,4.79,4,0.69,20530.03,192049.11,2.44,118.1,0.01,1022.07,479,4179.6,1
6732,Wed Aug 10 09:21:07 CEST 2022,8.55,312,1640.23,6200.2,0.11,159932.69,11.1,3,0.58,80180.77,278192.31,5.57,372.46,0.03,2936.54,1634.33,15705.77,1
3153,Wed Aug 10 09:26:21 CEST 2022,13.09,358,611.61,6998.09,0.08,55239.22,7.07,3,0.5,27715.64,256709.5,3.54,119.23,0.02,872.85,600,5435.87,1
6721,Wed Aug 10 09:37:37 CEST 2022,15.61,342,512.87,6088.66,0.08,46170.18,7.58,5,0.88,23270.18,243838.6,3.83,98.75,0.02,942.98,528.83,4489.82,11
7431,Wed Aug 10 09:43:21 CEST 2022,12.84,358,674.33,5626.44,0.08,64038.77,7.22,3,0.5,32101.01,258963.35,3.62,121.14,0.01,890.61,669.83,6337.21,1
7441,Wed Aug 10 09:49:21 CEST 2022,9.12,418,232.93,5098.66,0.05,15445.26,3.04,5,0.72,7807.75,180502.11,1.54,34.06,0.01,269.14,233.5,1559.71,11
2505,Wed Aug 10 09:58:56 CEST 2022,14.58,383,203.2,5229.5,0.03,15847.52,2.74,5,0.78,8024.02,196590.7,1.39,32.66,0.01,226.37,204.67,1597.91,1
7442,Wed Aug 10 10:12:21 CEST 2022,8.28,118,158.87,3567.29,0.06,13895.59,6.98,2,1.02,7022.03,146033.9,3.5,77.67,0.04,275.59,155.57,1422.71,10
7443,Wed Aug 10 10:14:21 CEST 2022,10.07,418,563.03,6131.2,0.07,38072.73,4.06,2,0.29,19148.33,136953.59,2.04,193.75,0.02,774.4,580.17,3889.95,1
233,Wed Aug 10 10:23:00 CEST 2022,6.5,559,143.3,7048.43,0.02,5837.92,0.82,4,0.43,2979.61,114563.51,0.42,21.14,0,106.26,144.33,602.15,0
6499,Wed Aug 10 10:38:10 CEST 2022,8.51,549,465.1,6620.83,0.03,18222.95,1.22,4,0.44,9386.89,131146.89,0.64,74.55,0,326.23,461,1857.92,11
6500,Wed Aug 10 10:49:59 CEST 2022,9.37,440,913.47,8166.57,0.07,41214,3.25,4,0.55,20779.64,228573.55,1.64,101.5,0.01,742.64,927.33,4098,1
5425,Wed Aug 10 11:00:23 CEST 2022,13.26,296,628.22,4762.08,0.11,44290.54,7.84,2,0.41,22250.68,188301.08,3.96,123.97,0.02,740.88,617.29,4343.92,1
9758,Wed Aug 10 11:05:21 CEST 2022,15.23,298,962.17,9527.71,0.1,58938.93,4.19,1,0.2,29510.74,208611.54,2.1,347.19,0.02,890.94,978.47,5655.7,1
5427,Wed Aug 10 11:11:41 CEST 2022,14.68,518,773.37,5455.87,0.1,46994.59,6.06,5,0.58,23793.82,139277.14,3.09,124.29,0.02,1146.14,785,4686.49,1
6725,Wed Aug 10 11:23:18 CEST 2022,10.99,361,441.41,6170.8,0.06,35402.99,5.12,5,0.83,17879.34,221436.23,2.58,81.16,0.01,826.87,427.83,3462.71,11
9765,Wed Aug 10 11:41:04 CEST 2022,10.79,315,343.87,6513.98,0.05,22476.19,3.13,3,0.57,11411.43,231446.86,1.6,76.57,0.01,308.57,346.5,2276.19,11
7434,Wed Aug 10 11:46:21 CEST 2022,16.51,358,149.83,6762.37,0.02,9708.94,1.67,4,0.67,4924.02,180438.1,0.85,28.7,0,170.95,148,956.98,11
5426,Wed Aug 10 11:55:40 CEST 2022,21.12,519,502.43,5794.2,0.07,30075.14,4.72,5,0.58,15186.13,166704.05,2.38,64.09,0.01,535.84,501.83,2982.2,1
6723,Wed Aug 10 12:04:59 CEST 2022,16.51,500,310.03,5653.26,0.05,19382.4,3.46,5,0.6,9854.4,160325.76,1.77,46.92,0.01,295.8,315.17,1976.4,11
5420,Wed Aug 10 12:13:47 CEST 2022,17.42,512,679.14,6662.91,0.08,42627.89,4.88,3,0.35,21363.52,191479.22,2.45,81.68,0.01,734.41,669.27,4055.39,11
7438,Wed Aug 10 12:36:50 CEST 2022,16.43,389,205.81,5266.88,0.06,10834.86,2.79,4,0.62,5508.59,120975.12,1.43,36.71,0.01,221.49,204.83,1102.83,1
6244,Wed Aug 10 12:45:19 CEST 2022,7.73,300,327.55,5617.37,0.04,35757.6,3.62,6,1.2,18146.4,301260,1.84,68.95,0.01,528.6,324.37,3574.4,1
5430,Wed Aug 10 12:51:24 CEST 2022,11.8,295,432.9,8974.58,0.04,37102.37,3.23,3,0.61,18748.07,389334.1,1.63,95.76,0.01,436.88,435.83,3705.36,11
2514,Wed Aug 10 12:56:21 CEST 2022,17.48,358,308.6,5979.73,0.05,20746.93,4.2,4,0.67,10503.35,200130.17,2.12,49.4,0.01,318.44,307.33,2078.21,1
7436,Wed Aug 10 13:06:58 CEST 2022,8.57,261,315.75,7082.1,0.04,31890.57,3.97,4,0.92,16059.31,362103.45,2.01,76.47,0.01,466.9,315.15,3202.76,1
6722,Wed Aug 10 13:11:21 CEST 2022,20.34,298,974.68,6762,0.13,100786.71,12.6,4,0.81,50552.62,366458.26,6.33,207.19,0.02,2207.92,1025.29,9833.15,1
3628,Wed Aug 10 13:21:38 CEST 2022,10.04,341,176.09,4779.07,0.03,16968.56,2.96,6,1.06,8599.18,224142.05,1.51,33.63,0.01,282.93,175.87,1713.08,1
6491,Wed Aug 10 13:27:21 CEST 2022,13.42,358,485.77,6096.71,0.06,40099.44,4.97,5,0.84,20369.83,192555.42,2.56,108.84,0.01,884.92,483.5,4044.13,1
6232,Wed Aug 10 13:33:21 CEST 2022,8.2,658,839.07,6806.27,0.1,38698.18,4.63,3,0.27,19366.14,161579.27,2.32,73.53,0.01,1070.24,812.17,3928.63,1
7957,Wed Aug 10 13:56:36 CEST 2022,15.32,343,328.83,6311.53,0.04,16978.43,1.94,2,0.35,8585.42,190217.49,0.99,57.54,0.01,195.04,331.67,1726.53,11
5546,Wed Aug 10 14:23:21 CEST 2022,7.92,178,466.31,3705.36,0.11,39566.29,10.41,2,0.67,20184.27,147802.25,5.3,210.28,0.04,685.96,462,3980.9,0
9759,Wed Aug 10 14:26:21 CEST 2022,10.12,538,183.53,3417.23,0.05,10523.42,2.18,4,0.45,5347.58,94270.26,1.11,29.99,0.01,146.1,184.67,1073.98,10
6243,Wed Aug 10 14:37:10 CEST 2022,9.59,489,753.37,8795.03,0.06,34620.86,2.61,4,0.49,17553.62,188431.9,1.32,101.1,0.01,657.3,753.33,3391.9,1
6490,Wed Aug 10 14:52:03 CEST 2022,16.15,376,115.43,1634.13,0.05,8952.13,2.29,2,0.32,4562.23,57662.23,1.16,51.97,0.01,130.85,112.33,890.43,0
6239,Wed Aug 10 14:58:23 CEST 2022,12.6,416,542.37,7153.1,0.06,40737.98,4.43,3,0.43,20528.37,215744.71,2.23,116.32,0.01,634.62,537.33,3992.31,11
6734,Wed Aug 10 15:06:42 CEST 2022,11.54,337,352.2,4136.69,0.05,17501.48,2.71,3,0.53,8878.93,114599.64,1.37,62.75,0.01,261.72,353.33,1753.71,11
9779,Wed Aug 10 15:14:06 CEST 2022,11.58,313,427.53,2710.14,0.11,42013.42,9.71,4,0.77,21138.02,113586.33,4.91,98.75,0.02,1031.31,428.83,4366.77,11
3131,Wed Aug 10 15:19:21 CEST 2022,15.78,358,307.5,4648.92,0.06,20440.22,3.39,4,0.67,10389.39,159613.41,1.74,61.47,0.01,309.22,308.17,2111.73,10
6732,Wed Aug 10 15:50:13 CEST 2022,8.44,366,252,2318.43,0.09,19486.89,6.77,3,0.49,9798.36,63274.43,3.42,55.88,0.02,422.13,247.67,1863.93,11
9750,Wed Aug 10 15:56:21 CEST 2022,23.87,418,801.37,5787.87,0.09,61952.15,6.92,4,0.57,31188.52,193128.23,3.49,152.94,0.02,1414.59,785.33,6078.95,11
3153,Wed Aug 10 16:04:47 CEST 2022,12.7,512,602.29,7135.3,0.07,39682.5,4.41,6,0.7,20085.94,230528.91,2.24,78.37,0.01,816.45,591.5,3924.61,1
4110,Wed Aug 10 16:14:12 CEST 2022,13.15,487,731.97,8155.4,0.06,49484.6,3.87,4,0.49,24901.85,262204.68,1.94,103.41,0.01,887.06,707,4774.13,1
6721,Wed Aug 10 16:26:44 CEST 2022,10.8,275,776.95,5200.91,0.07,73082.62,6.19,3,0.65,36884.07,208755.93,3.12,252.27,0.02,1277.67,773.6,7157.24,1
2507,Wed Aug 10 16:38:41 CEST 2022,16.11,458,175.2,2522.43,0.05,9278.25,2.62,4,0.52,4695.2,62060.7,1.33,27.63,0.01,156.94,176,948.21,0
9754,Wed Aug 10 16:49:06 CEST 2022,11.04,373,464.19,3115.86,0.06,40920.32,5.35,5,0.8,20567.61,142654.26,2.69,70.81,0.01,958.71,481.53,4077.1,1
2517,Wed Aug 10 17:20:21 CEST 2022,24.67,418,380.8,3661.75,0.07,25007.66,4.56,3,0.43,12627.27,85285.26,2.3,92.9,0.02,564.11,371,2484.69,11
9758,Wed Aug 10 17:39:22 CEST 2022,14.23,477,213.1,4416.8,0.05,13347.17,3,6,0.75,6769.81,138078.74,1.53,26.22,0.01,243.4,214,1348.43,1
6502,Wed Aug 10 17:50:59 CEST 2022,11.1,320,266.91,3982.23,0.05,21367.5,3.74,5,0.94,10826.25,164420.63,1.9,50.21,0.01,340.31,267.93,2190,1
2516,Wed Aug 10 17:56:21 CEST 2022,19.23,358,216.97,2814.87,0.06,13890.5,4.26,5,0.84,7059.22,97002.57,2.18,36.6,0.01,279.05,215,1407.82,0
5425,Wed Aug 10 18:04:44 CEST 2022,10.8,275,232.25,2488.38,0.04,25156.36,3.79,5,1.09,12667.64,137664.44,1.92,51.3,0.01,394.91,232.55,2520,1
9765,Wed Aug 10 18:10:06 CEST 2022,10.15,313,333.36,3459.39,0.07,30004.6,6.07,3,0.58,15079.74,142777.76,3.06,87.2,0.02,609.78,323.5,2993.48,11
6718,Wed Aug 10 18:15:21 CEST 2022,11.06,358,233.16,4924.57,0.03,17013.18,2.1,3,0.5,8572.96,152115.75,1.06,46.24,0.01,201.79,233.37,1696.09,11
6720,Wed Aug 10 18:23:59 CEST 2022,7.69,260,196.78,2844.69,0.07,19040.77,6.39,5,1.15,9657.69,142866.46,3.26,49.07,0.02,332.31,197.5,1915.38,11
6499,Wed Aug 10 18:28:21 CEST 2022,10.3,298,730.94,5319.14,0.13,73735.57,9.37,4,0.81,37143.62,240981.74,4.73,203.28,0.03,1793.96,717.46,7608.72,1
9752,Wed Aug 10 18:37:39 CEST 2022,11.53,280,385.15,4986.61,0.07,37191.43,4.84,4,0.86,18830.57,229245.86,2.48,97.4,0.01,515.57,382.14,3711,0
5420,Wed Aug 10 18:48:21 CEST 2022,14.23,418,618.7,4723.12,0.12,41641.15,7.68,3,0.43,20850.72,163421.05,3.85,90.04,0.02,976.08,610.17,4187.08,11
7371,Wed Aug 10 19:00:52 CEST 2022,8.39,267,162.13,3578.1,0.05,12532.58,3.37,4,0.9,6368.09,133684.04,1.74,46.12,0.02,252.58,163.62,1252.58,1
7431,Wed Aug 10 19:05:21 CEST 2022,13.08,298,237.36,4870.52,0.05,24861.34,5.25,5,1.01,12528.32,209083.09,2.68,42.64,0.01,309.06,236.64,2507.11,1
9785,Wed Aug 10 19:12:01 CEST 2022,18.48,378,342.03,4334.81,0.06,23414.29,3.82,4,0.63,11868.25,135672.38,1.95,62.14,0.01,328.57,344,2366.67,11
5132,Wed Aug 10 19:18:21 CEST 2022,18.81,418,221.01,4937.67,0.1,12383.25,5.54,4,0.57,6262.39,123431.77,2.84,38.69,0.02,225.22,218.5,1209.76,0
7435,Wed Aug 10 19:27:00 CEST 2022,15.95,439,594.03,6079.86,0.08,37533.49,5.28,5,0.68,18999.09,174135.31,2.68,85.56,0.01,701.14,606,3755.81,1
7443,Wed Aug 10 19:34:21 CEST 2022,6.56,538,579.46,5247.48,0.1,36659.33,6.25,5,0.56,18425.35,159709.74,3.16,77.03,0.01,1085.69,606.03,3890.86,1
7441,Wed Aug 10 19:44:33 CEST 2022,10.71,586,180.03,5050.33,0.04,7996.59,1.54,3,0.31,4039.25,86711.06,0.78,25.33,0.01,103.92,180.17,808.87,0
5427,Wed Aug 10 19:56:52 CEST 2022,10.21,447,167.47,2692.77,0.05,8914.09,2.65,5,0.67,4520.81,70790.34,1.36,24.71,0.01,163.76,169.5,899.33,11
3628,Wed Aug 10 20:08:15 CEST 2022,9.48,304,409.03,3295.23,0.1,27430.26,7.34,5,0.99,14058.55,130300.66,3.75,106.2,0.02,1031.25,402.33,2893.42,1
7436,Wed Aug 10 20:13:50 CEST 2022,9.63,269,594.85,4199.42,0.08,63811.9,8.02,4,0.89,32112.27,228845.35,4.03,131.78,0.02,1150.93,608.52,6205.2,1
233,Wed Aug 10 20:18:21 CEST 2022,9.59,298,493.9,4609.04,0.07,49524.97,6.97,4,0.81,24840.81,209493.02,3.51,98.45,0.01,1113.22,483.86,4893.83,1
9759,Wed Aug 10 20:38:21 CEST 2022,8.03,358,801.36,6687.82,0.18,46553.97,13.52,6,1.01,24287.6,211627.71,6.9,187.78,0.03,2048.38,751.33,4109.83,1
6498,Wed Aug 10 20:44:21 CEST 2022,13.85,478,457.56,6073.23,0.07,17248.62,3.31,4,0.5,8650.79,196323.77,1.68,32.06,0.01,223.81,482.63,1726.69,1
6493,Wed Aug 10 20:54:24 CEST 2022,12.14,475,545.23,6286.53,0.06,31446.32,3.45,5,0.63,15930.95,178417.52,1.75,77.55,0.01,629.05,527.5,3031.58,11
6723,Wed Aug 10 21:20:21 CEST 2022,10.94,358,193.13,2861.85,0.08,18179.33,6.97,4,0.67,9134.08,134578.66,3.51,33.12,0.01,242.18,192.67,1801.68,1
6232,Wed Aug 10 21:26:21 CEST 2022,8.97,478,937.6,6617.03,0.1,57320.08,5.41,3,0.38,28753.56,202962.18,2.71,144.15,0.01,1126.57,952,5510.46,11
3132,Wed Aug 10 21:47:21 CEST 2022,18.82,418,663.2,6769.02,0.08,55419.62,6.18,4,0.57,27931.58,260003.54,3.12,113.26,0.01,985.41,653.5,5539.23,11
2505,Wed Aug 10 21:55:45 CEST 2022,13.75,394,845.37,4308.57,0.1,71230.96,8.26,4,0.61,35707.61,158747.21,4.14,134.33,0.02,1685.03,845.67,7110.15,1
5920,Wed Aug 10 22:02:21 CEST 2022,25.53,418,661.24,3140.86,0.11,41162.58,7.53,4,0.57,20638.56,108583.92,3.79,88.96,0.02,848.9,704.07,4090.05,1
7437,Wed Aug 10 22:12:00 CEST 2022,13.37,499,355.73,5402.1,0.05,20170.34,2.91,3,0.36,10109.82,139042.24,1.46,44.26,0.01,229.06,356.83,2021.24,1
7442,Wed Aug 10 22:27:10 CEST 2022,9.88,309,317.33,8020.23,0.03,24813.59,2.3,7,1.36,12745.63,312424.85,1.19,62.88,0.01,516.5,314.17,2543.69,0
6239,Wed Aug 10 22:33:38 CEST 2022,7.15,281,685.85,8028.8,0.07,73663.35,7.49,4,0.85,37200,399567.54,3.77,171.14,0.02,1101.78,682.5,7362.28,11
7443,Wed Aug 10 22:38:21 CEST 2022,4.35,298,313.93,4645.01,0.06,30433.29,6.21,5,1.01,15373.69,246219.06,3.14,59.98,0.01,499.33,311.66,3051.54,0
5546,Wed Aug 10 22:47:27 CEST 2022,5.97,352,71.43,1601.77,0.03,6516.48,1.72,1,0.17,3276.14,74365.91,0.87,40.95,0.01,63.07,71.67,651.14,1
6721,Wed Aug 10 23:05:39 CEST 2022,9.73,280,332.31,6519.89,0.04,37459.29,4.37,4,0.86,18947.14,350691.43,2.21,88.49,0.01,487.5,330.36,3762.86,0
9779,Wed Aug 10 23:19:31 CEST 2022,8.26,288,332.35,3706.91,0.09,35137.92,9.29,4,0.83,17624.58,190530.42,4.66,73.52,0.02,900.42,318.35,3736.67,10
2514,Wed Aug 10 23:31:22 CEST 2022,20.59,357,209.57,3963.07,0.08,15179.83,3.6,4,0.67,7702.52,129598.32,1.82,46.38,0.01,241.18,210.17,1564.71,11
6499,Wed Aug 10 23:42:10 CEST 2022,8.17,429,443.53,7092.03,0.04,22674.69,1.87,4,0.56,11533.99,181039.72,0.95,67.3,0.01,333.71,440.17,2302.1,11
2507,Wed Aug 10 23:57:22 CEST 2022,16.15,357,122.33,5325.09,0.02,5896.81,0.92,3,0.5,2985.21,116396.3,0.47,22.12,0,83.87,123.5,588.57,11
3153,Thu Aug 11 00:03:21 CEST 2022,13.69,538,216.86,4871.66,0.05,7172.57,1.52,3,0.33,3653.31,58934.5,0.77,33.23,0.01,142.3,218.97,724.24,11
5420,Thu Aug 11 00:15:14 CEST 2022,12.97,425,235.3,5775.17,0.04,16578.35,3.16,4,0.56,8312.47,209412.99,1.59,31.69,0.01,218.82,237,1656,1
7436,Thu Aug 11 00:26:09 CEST 2022,5.78,250,123.93,3089.04,0.03,8700.96,2.3,3,0.72,4402.56,110116.8,1.16,30.67,0.01,133.68,121.4,879.84,1
5426,Thu Aug 11 00:30:21 CEST 2022,20.12,298,550.37,3983.28,0.1,39076.51,8.43,3,0.6,19614.77,147084.56,4.24,114.04,0.02,1473.83,579.49,3831.54,11
9758,Thu Aug 11 00:37:04 CEST 2022,14.7,435,195.17,4251.99,0.05,13864.83,3.9,5,0.69,6998.62,140669.52,1.97,27.8,0.01,204.14,196,1387.59,11
5424,Thu Aug 11 00:45:33 CEST 2022,13.73,406,360.75,4211.7,0.05,27399.61,4.25,6,0.89,13907.59,164231.53,2.16,53.03,0.01,393.99,364.83,2776.55,11
9750,Thu Aug 11 00:52:21 CEST 2022,18.04,418,76.47,2099.4,0.03,943.06,0.57,1,0.14,473.68,11767.75,0.29,11.28,0.01,18.66,75.67,93.3,11
6732,Thu Aug 11 01:01:28 CEST 2022,11.35,411,215.63,3384.2,0.04,13642.34,2.48,4,0.58,6901.02,92587.45,1.26,36.71,0.01,206.13,216.03,1386.57,11
6502,Thu Aug 11 01:11:14 CEST 2022,9.04,305,175.97,4138.53,0.04,14754.1,3.05,5,0.98,7475.41,168202.23,1.54,39.03,0.01,281.31,175.5,1497.05,1
7371,Thu Aug 11 01:17:25 CEST 2022,10.64,294,313.83,2611.79,0.09,29995.92,6.86,2,0.41,15016.33,75663.27,3.44,115,0.03,822.45,318.14,3095.92,1
6490,Thu Aug 11 01:22:21 CEST 2022,18.48,358,253.47,4816.97,0.04,24345.25,3.86,3,0.5,12239.66,204695.2,1.94,54.68,0.01,246.37,255.67,2441.9,1
7434,Thu Aug 11 01:28:21 CEST 2022,14.99,418,663.84,5044.57,0.1,47106.6,7.54,4,0.57,23614.16,191972.73,3.79,87.69,0.01,996.75,672,4578.95,1
6718,Thu Aug 11 01:36:30 CEST 2022,13.79,529,270.57,4795.6,0.05,14426.09,2.48,4,0.45,7257.84,114792.82,1.25,37.61,0.01,369.19,278.67,1458.6,11
5425,Thu Aug 11 01:50:31 CEST 2022,12.41,288,143.67,2881.83,0.04,13386.67,3.46,5,1.04,6799.58,128667.5,1.76,36.77,0.01,248.96,144.35,1357.08,1
6491,Thu Aug 11 01:55:21 CEST 2022,15.46,298,148.06,3454.45,0.04,6370.47,2.05,3,0.6,3241.61,88230.2,1.04,31.27,0.01,146.98,148.47,662.42,1
9754,Thu Aug 11 02:05:17 CEST 2022,13.24,422,134.77,3888.73,0.03,5519.43,1.45,3,0.43,2781.04,75739.34,0.73,20.87,0.01,102.37,136,572.99,1
6500,Thu Aug 11 02:20:49 CEST 2022,9.78,450,234.33,3877.95,0.04,8218.67,1.48,3,0.4,4193.33,86988.27,0.76,36.12,0.01,165.33,238.5,808,11
2504,Thu Aug 11 02:30:20 CEST 2022,14.89,359,206.3,3324.17,0.06,15491.36,4.79,4,0.67,7793.31,137015.6,2.41,33.38,0.01,222.28,202.83,1550.97,1
3628,Thu Aug 11 02:48:42 CEST 2022,9.87,337,407.8,6670.33,0.04,39096.14,3.39,5,0.89,19842.73,322975.55,1.72,82.87,0.01,534.12,403.67,3913.35,1
7441,Thu Aug 11 03:10:19 CEST 2022,8.53,420,51.1,2971.6,0.02,3281.43,0.78,1,0.14,1650,44765.71,0.39,28.95,0.01,44.29,50.5,327.14,0
4110,Thu Aug 11 03:17:21 CEST 2022,13.42,478,113.57,3536.01,0.03,7084.52,1.56,4,0.5,3579.92,99233.47,0.79,20.8,0,123.01,115.33,720.5,1
6243,Thu Aug 11 03:26:28 CEST 2022,8.47,411,463.93,5259.29,0.08,17941.61,3.37,4,0.58,9248.18,119749.49,1.73,86.72,0.01,589.05,450,1813.14,0
6232,Thu Aug 11 03:33:21 CEST 2022,7.84,478,174.93,4278.73,0.04,11366.11,2.83,4,0.5,5731.38,109933.05,1.44,26.56,0.01,160.67,175.5,1143.51,1
5132,Thu Aug 11 03:46:51 CEST 2022,12.92,388,31.2,1218.7,0.03,2854.64,1.75,3,0.46,1433.51,53930.41,0.88,10.97,0.01,63.4,30.67,287.63,10
9759,Thu Aug 11 04:13:59 CEST 2022,9,320,123.1,2776.13,0.03,10003.13,2.41,5,0.94,5064.38,97407.38,1.22,26.08,0.01,183.75,123.33,1014.38,0
6734,Thu Aug 11 04:19:56 CEST 2022,11.9,323,410.7,4613.01,0.06,36754.18,4.75,3,0.56,18434.67,206883.72,2.38,89.67,0.01,589.78,423,3700.31,11
2517,Thu Aug 11 04:25:22 CEST 2022,20.37,357,84.53,1945.68,0.04,8109.24,3.19,4,0.67,4078.99,78637.65,1.61,17.58,0.01,121.85,83.5,800,1
6722,Thu Aug 11 04:31:21 CEST 2022,23.42,538,215.67,4195.45,0.04,11358.74,1.9,4,0.45,5718.96,99327.21,0.96,23.19,0,137.17,219.17,1153.16,1
6723,Thu Aug 11 05:37:21 CEST 2022,14.18,478,243.07,5744.07,0.04,15138.08,2.35,3,0.38,7623.01,165490.79,1.18,40.44,0.01,178.24,245.67,1527.62,1
9765,Thu Aug 11 05:49:07 CEST 2022,10.49,312,390.63,6612.85,0.06,32103.85,4.93,5,0.96,16373.08,272400.38,2.51,88.11,0.01,521.15,389.17,3286.54,11
9752,Thu Aug 11 05:55:15 CEST 2022,12.61,304,144.33,5473.7,0.02,12576.32,1.49,4,0.79,6371.05,219935.53,0.75,35.68,0,178.62,145.33,1269.08,10
2516,Thu Aug 11 06:06:22 CEST 2022,18.74,237,238.78,3699.5,0.06,23098.73,6.13,3,0.76,11635.44,140905.32,3.1,83.02,0.02,756.96,254.89,2298.73,11
3153,Thu Aug 11 06:10:21 CEST 2022,11.73,478,378.77,5691.64,0.05,23255.9,2.54,4,0.5,11744.18,175827.36,1.28,54.62,0.01,276.9,378.93,2335.98,1
3134,Thu Aug 11 06:29:21 CEST 2022,20.32,478,201.36,6281.67,0.04,9562.85,1.82,3,0.38,4799.25,126974.06,0.92,22.51,0.01,108.7,202.83,961.26,11
5420,Thu Aug 11 06:40:56 CEST 2022,14.97,503,75.4,1613.54,0.04,4629.42,2.37,4,0.48,2337.97,45249.3,1.2,11.88,0.01,64.41,75.67,467.59,10
2513,Thu Aug 11 06:49:21 CEST 2022,22.39,538,150.77,3176.9,0.03,9650.19,2.19,4,0.45,4851.3,98978.81,1.1,16.91,0,108.18,151.5,964.68,1
3131,Thu Aug 11 07:01:04 CEST 2022,8.27,375,339.8,5753.47,0.05,25830.4,3.52,4,0.64,12995.2,224806.72,1.77,55.18,0.01,352,338,2574.4,1
7435,Thu Aug 11 07:15:21 CEST 2022,17.68,418,389.9,3956.58,0.09,28004.78,6.59,3,0.43,14051.2,95859.04,3.32,72.68,0.02,510.29,381.5,2810.53,1
6500,Thu Aug 11 07:30:22 CEST 2022,6.36,237,126.22,1660.84,0.03,14979.75,3.15,1,0.25,7577.22,94379.75,1.58,83.27,0.02,182.28,122.34,1450.63,0
2507,Thu Aug 11 07:34:21 CEST 2022,16.98,418,504.7,4882.63,0.08,40307.66,6.27,4,0.57,20316.75,180973.21,3.16,104.03,0.02,742.11,492.17,3927.27,1
6732,Thu Aug 11 07:44:25 CEST 2022,9.48,354,208.53,3156.61,0.03,16609.83,2.54,4,0.68,8385.76,100750.17,1.29,38.79,0.01,218.98,207.7,1654.92,1
5424,Thu Aug 11 07:50:21 CEST 2022,11.63,418,339.1,4366.39,0.08,28271.77,6.55,4,0.57,14217.7,170467.46,3.29,53.36,0.01,472.97,327.83,2850.72,1
7436,Thu Aug 11 08:01:29 CEST 2022,11.12,290,179.14,2128.58,0.06,18533.79,5.75,4,0.83,9308.28,92647.03,2.9,45.73,0.01,493.45,188.28,1779.31,11
7957,Thu Aug 11 08:06:21 CEST 2022,16.72,298,263.58,6570.77,0.04,25699.33,2.91,3,0.6,12958.39,293429.4,1.47,72.87,0.01,293.96,263.9,2601.34,1
7438,Thu Aug 11 08:12:25 CEST 2022,20.39,414,354.57,5484.33,0.05,20717.39,2.54,3,0.43,10494.2,140746.67,1.29,65.86,0.01,275.36,353.83,2088.41,1
6720,Thu Aug 11 08:21:40 CEST 2022,12.03,339,455.77,5735.37,0.04,36872.57,3.39,5,0.88,18716.81,252762.48,1.72,82.47,0.01,521.24,456.83,3736.28,1
5427,Thu Aug 11 08:27:21 CEST 2022,14.7,358,203.84,4774.25,0.04,13221.12,2.72,3,0.5,6673.07,133323.69,1.39,40.3,0.01,172.96,202.67,1294.86,0
233,Thu Aug 11 08:37:28 CEST 2022,6.72,291,140.99,2830.12,0.04,8220.62,2.63,4,0.82,4169.07,80260.21,1.35,28.33,0.01,152.58,140,830.93,11
6244,Thu Aug 11 08:45:20 CEST 2022,16.57,419,165.3,5568.3,0.03,4467.78,0.76,3,0.43,2304.06,74902.63,0.4,29.49,0.01,105.97,164.17,453.94,11
5426,Thu Aug 11 08:53:20 CEST 2022,15.46,419,226.33,5242.5,0.03,13463.48,1.92,5,0.72,6872.08,140070.07,0.98,39.01,0.01,239.14,228,1376.13,10
2505,Thu Aug 11 09:00:21 CEST 2022,13.86,418,288.97,5625.31,0.05,21858.37,2.99,3,0.43,11036.84,180270.43,1.51,59.91,0.01,239.71,289.83,2194.74,1
2511,Thu Aug 11 09:10:06 CEST 2022,15.66,373,466.9,5192.99,0.06,43032.71,5.26,5,0.8,21834.85,227555.71,2.66,88.53,0.01,540.48,467.33,4365.68,1
9754,Thu Aug 11 09:16:21 CEST 2022,10.76,418,470.47,6475.37,0.07,26618.47,3.97,5,0.72,13671.67,162691.87,2.05,95.39,0.01,762.2,481.5,2662.68,1
6721,Thu Aug 11 09:35:32 CEST 2022,17.61,347,328.56,2754.93,0.05,26823.63,4.35,5,0.86,13559.65,110785.59,2.2,62,0.01,612.97,338.53,2575.33,1
2504,Thu Aug 11 09:42:45 CEST 2022,9.03,274,295.42,4438.02,0.04,26141.61,3.46,4,0.88,13182.48,199125.11,1.75,66.98,0.01,397.45,297.09,2590.51,1
6493,Thu Aug 11 09:47:21 CEST 2022,12.18,358,354.33,3456.94,0.05,22699.44,3,1,0.17,11368.16,57561.45,1.5,143.9,0.02,446.65,360.33,2153.63,1
7371,Thu Aug 11 09:54:57 CEST 2022,15.51,382,249.53,5024.19,0.05,17816.23,3.25,5,0.79,9080.1,173791.1,1.66,47.55,0.01,290.58,248.7,1795.92,1
3132,Thu Aug 11 10:01:21 CEST 2022,19.33,418,125.97,3686.97,0.04,8794.74,2.99,4,0.57,4451.2,102740.67,1.51,23.6,0.01,124.88,125,881.34,1
7441,Thu Aug 11 10:11:24 CEST 2022,7.89,355,280.93,5854.23,0.04,26175.21,3.98,5,0.85,13179.72,271158.08,2,49.06,0.01,375.21,281.83,2629.86,0
5920,Thu Aug 11 10:17:21 CEST 2022,22.21,418,157.63,3583.61,0.04,7464.11,2,3,0.43,3736.36,95617.03,1,16.02,0,81.1,160.17,743.54,1
6498,Thu Aug 11 10:25:47 CEST 2022,13.55,512,234.06,3831.16,0.05,11391.33,2.27,6,0.7,5822.58,92343.52,1.17,30.15,0.01,222.42,235.5,1156.64,10
7437,Thu Aug 11 10:36:01 CEST 2022,12.35,498,649,7505.53,0.08,41915.66,4.9,4,0.48,21130.12,225211.33,2.47,90.3,0.01,582.53,643.67,4175.9,1
7443,Thu Aug 11 10:44:21 CEST 2022,9.87,598,360.97,7427.94,0.04,17097.99,1.71,3,0.3,8651.84,174062.81,0.86,48.8,0,200.67,362.83,1707.69,11
5546,Thu Aug 11 11:06:14 CEST 2022,7.95,365,49.83,1313.01,0.03,3060.82,1.32,2,0.33,1543.56,49457.42,0.67,11.97,0.01,37.81,48.83,305.75,11
9765,Thu Aug 11 11:39:04 CEST 2022,10.23,315,273.98,4780.81,0.04,25134.1,3.96,5,0.95,12690.29,215203.43,2,55.09,0.01,379.05,276.17,2534.86,1
6499,Thu Aug 11 11:44:21 CEST 2022,9.79,298,176.76,4983.04,0.03,11820.81,1.67,2,0.4,5923.49,185216.78,0.84,34.46,0,114.77,176.1,1185.91,11
6734,Thu Aug 11 11:52:27 CEST 2022,13.3,352,343.6,4588.3,0.05,28334.66,3.9,4,0.68,14336.25,191171.59,1.97,67.96,0.01,365.8,341.33,2811.14,0
6725,Thu Aug 11 11:58:21 CEST 2022,18.08,358,143.63,1748.97,0.06,12409.61,4.7,4,0.67,6250.39,72975.08,2.38,26.56,0.01,166.26,143.33,1250.95,0
6491,Thu Aug 11 12:04:21 CEST 2022,14.22,538,511,3783.29,0.1,25173.23,5.07,4,0.45,12665.8,92828.48,2.56,66.66,0.01,603.9,513.17,2451.3,11
6232,Thu Aug 11 12:13:21 CEST 2022,11.02,658,603.93,4939.07,0.09,19437.08,3.03,2,0.18,9762.86,85045.9,1.52,46.45,0.01,370.3,604.33,1890.46,1
7434,Thu Aug 11 12:28:07 CEST 2022,13.62,492,233.57,3485.29,0.06,13404.88,3.08,3,0.37,6787.8,92890.73,1.56,42.23,0.01,170.12,231.5,1348.78,1
6718,Thu Aug 11 12:36:21 CEST 2022,20.12,538,306.27,4695.93,0.05,14104.46,1.95,3,0.33,7125.28,119046.47,0.98,38.11,0.01,177.32,307,1420.82,11
5425,Thu Aug 11 12:51:14 CEST 2022,16.45,305,243.14,4104.93,0.05,25545.44,5.42,6,1.18,12933.25,215302.43,2.77,48.73,0.01,403.48,243.9,2556.98,1
6239,Thu Aug 11 12:56:21 CEST 2022,14.35,358,203.23,3977.42,0.07,3075.42,0.5,1,0.17,1573.74,31893.52,0.26,50.77,0.01,76.26,203.83,315.08,11
5430,Thu Aug 11 13:03:09 CEST 2022,19.84,430,242.1,3553.63,0.05,18858.14,3.88,3,0.42,9473.02,121840.74,1.95,40.42,0.01,186.28,243.67,1904.65,11
7431,Thu Aug 11 13:10:21 CEST 2022,14.59,418,279.83,4462.07,0.04,19220.1,2.49,3,0.43,9714.83,133563.16,1.26,55.23,0.01,226.79,281.5,1942.11,1
5420,Thu Aug 11 13:17:21 CEST 2022,14.67,478,532.57,3796.37,0.07,33452.64,4.78,4,0.5,16884.35,105705.44,2.41,78.57,0.01,624.35,543.57,3450.88,1
2514,Thu Aug 11 13:25:21 CEST 2022,24.18,598,237.43,3793.6,0.05,12770.17,2.41,4,0.4,6452.51,92511.37,1.22,28.45,0,172.27,237.17,1285.89,1
7436,Thu Aug 11 13:43:03 CEST 2022,8.08,256,273.97,4797.49,0.1,21796.88,4.83,3,0.7,10990.31,186811.88,2.45,70.5,0.02,320.39,271.06,2171.72,1
6490,Thu Aug 11 13:47:21 CEST 2022,23.51,298,250.27,4486.1,0.05,22473.83,3.53,3,0.6,11311.41,208077.58,1.78,57.29,0.01,247.65,248.98,2267.11,1
2513,Thu Aug 11 13:54:11 CEST 2022,10.91,368,392.21,4933.15,0.06,19184.67,2.58,3,0.49,9623.8,172009.57,1.3,50.28,0.01,236.9,374.07,1935.98,1
2516,Thu Aug 11 14:00:21 CEST 2022,12.02,418,305.83,4007.78,0.06,20749.38,4.37,4,0.57,10493.68,130947.56,2.21,52.54,0.01,289.67,306.47,2081.63,1
7442,Thu Aug 11 14:15:21 CEST 2022,11.71,358,284.07,2558.8,0.1,17354.75,5.25,3,0.5,8820.67,91020.67,2.66,62.73,0.01,276.54,281.33,1751.4,0
6723,Thu Aug 11 14:21:21 CEST 2022,14.4,418,196.03,4309.37,0.05,9743.54,2.33,3,0.43,4932.06,106428.23,1.19,31.52,0.01,133.49,198.33,994.74,11
6243,Thu Aug 11 14:28:21 CEST 2022,13.15,478,237.73,6732.4,0.04,10579.08,1.46,2,0.25,5323.43,122487.87,0.74,39.33,0.01,106.69,238.33,1068.2,11
3628,Thu Aug 11 14:42:18 CEST 2022,15.7,421,328.9,4213.27,0.07,25274.11,4.85,5,0.71,12818.05,154242.76,2.47,53.51,0.01,337.77,329.17,2556.77,1
6502,Thu Aug 11 14:51:18 CEST 2022,10.82,361,313.86,2750.67,0.05,29873.02,4.61,5,0.83,15092.74,129440.44,2.33,55.96,0.01,389.75,313.83,2997.34,1
6722,Thu Aug 11 14:57:22 CEST 2022,18.31,417,258.51,3967.51,0.07,11886.33,2,3,0.43,6032.23,101097.27,1.02,47.86,0.01,185.9,257,1226.19,11
9752,Thu Aug 11 15:10:03 CEST 2022,13.92,316,275.17,3512.8,0.05,26674.56,5.09,6,1.14,13550.89,173599.37,2.59,53.18,0.01,410.89,276.43,2704.56,1
9754,Thu Aug 11 15:25:26 CEST 2022,9.04,353,692.4,6456.27,0.11,66977.34,10.1,5,0.85,33620.4,306594.9,5.11,129.27,0.02,1534.84,704.83,6645.89,1
6732,Thu Aug 11 15:41:29 CEST 2022,10.77,410,246.27,4424.67,0.04,16638.15,2.83,4,0.59,8383.32,142866.15,1.43,37.23,0.01,220.1,246.9,1677.66,1
9785,Thu Aug 11 16:01:15 CEST 2022,13.92,304,183.35,2650.03,0.05,15833.29,4.53,4,0.79,7995,102673.03,2.3,40.28,0.01,223.42,185.33,1624.74,1
6500,Thu Aug 11 16:06:22 CEST 2022,10.95,357,280,3425.81,0.06,22349.58,4.7,3,0.5,11273.95,114290.08,2.37,63.47,0.01,262.18,280.83,2253.78,11
9765,Thu Aug 11 16:15:51 CEST 2022,7.66,268,237.49,3695.31,0.06,16844.78,4.43,3,0.67,8474.33,129117.76,2.24,55.37,0.01,252.54,239.96,1688.51,11
6244,Thu Aug 11 16:32:23 CEST 2022,13.77,356,281.1,5568.43,0.08,17615.73,5.93,4,0.67,8856.74,199391.12,2.97,43.81,0.01,279.78,279.67,1742.7,1
3131,Thu Aug 11 16:45:21 CEST 2022,15.3,298,851.3,7679.79,0.1,81769.13,8.32,5,1.01,41508.72,369979.73,4.23,211.44,0.02,1601.68,853.56,8188.59,11
233,Thu Aug 11 17:26:03 CEST 2022,9.35,316,270.47,4137.43,0.11,20961.65,10.33,6,1.14,10722.15,150093.04,5.24,55.54,0.02,451.14,270.4,2139.49,0
4110,Thu Aug 11 17:32:44 CEST 2022,15.24,575,433.53,6850.63,0.04,15106.43,1.44,4,0.42,7705.04,117355.83,0.74,47.6,0,221.74,431.83,1524.52,1
6499,Thu Aug 11 17:45:24 CEST 2022,9.49,415,430.39,5651.77,0.08,34758.07,6.08,6,0.87,17741.49,215933.2,3.12,86.13,0.01,877.16,442.17,3399.9,1
1117,Thu Aug 11 17:52:21 CEST 2022,24.66,478,491.47,3731.5,0.12,27906.28,5.26,5,0.63,14135.15,118796.23,2.66,62.9,0.01,502.72,500.33,2887.03,1
6734,Thu Aug 11 18:04:59 CEST 2022,10.75,320,169.71,3059.1,0.05,15446.25,3.68,4,0.75,7769.63,129290.25,1.86,36.19,0.01,240.75,170.23,1548,11
2504,Thu Aug 11 18:11:17 CEST 2022,11.21,302,143.47,1861.84,0.06,15435.1,6.08,4,0.79,7758.28,99550.33,3.06,30.82,0.01,189.74,145.67,1555.63,11
9758,Thu Aug 11 18:16:21 CEST 2022,17.28,358,385.87,2965.46,0.09,12467.6,3.58,2,0.34,6249.72,75342.91,1.8,42.24,0.01,142.46,400.17,1255.31,1
7957,Thu Aug 11 18:26:08 CEST 2022,16.76,311,221.11,2952.11,0.05,22411.83,5.08,6,1.16,11342.12,150490.03,2.59,42.89,0.01,360.96,223.07,2263.02,1
7435,Thu Aug 11 18:31:27 CEST 2022,17.21,412,232.8,3658.85,0.05,13776.7,2.3,3,0.44,6934.95,111769.22,1.16,37.37,0.01,168.2,231.83,1387.86,11
7441,Thu Aug 11 18:38:21 CEST 2022,8.03,418,1063.47,5271.09,0.16,77350.33,12.1,5,0.72,38862.49,186922.68,6.07,151.24,0.02,1853.11,1026.67,7771.29,1
6232,Thu Aug 11 18:45:59 CEST 2022,8.82,560,158.27,2581.37,0.08,8929.29,4.58,5,0.54,4491.43,71456.79,2.32,15.43,0.01,137.14,158.33,898.93,1
3134,Thu Aug 11 18:55:21 CEST 2022,18.98,598,188.37,2943.7,0.08,9182.61,2.94,4,0.4,4646.49,67842.14,1.5,22.4,0.01,120.4,189,922.07,1
5920,Thu Aug 11 19:09:26 CEST 2022,17.91,473,207.23,2512.57,0.12,9209.3,5.22,4,0.51,4666.81,52641.44,2.68,27.86,0.02,151.59,207.17,920.93,1
6720,Thu Aug 11 19:20:27 CEST 2022,9.86,292,273.09,2140.65,0.06,30190.68,6.36,5,1.03,15296.71,107954.79,3.23,62.87,0.01,427.4,271.34,3014.38,1
5132,Thu Aug 11 19:25:21 CEST 2022,21.99,358,307.96,5962.41,0.07,25408.49,6.04,4,0.67,12769.61,243687.82,3.03,51.65,0.01,347.26,308.5,2525.7,1
2517,Thu Aug 11 19:33:42 CEST 2022,24.02,457,221.81,4610.43,0.06,9847.09,2.94,5,0.66,5005.6,101214.35,1.51,30.11,0.01,218.6,220.57,989.15,1
2511,Thu Aug 11 19:45:19 CEST 2022,14.64,360,288.34,5853.73,0.06,18098.33,3.71,4,0.67,9139.33,198519.67,1.89,51.84,0.01,307.67,285,1843.33,1
7438,Thu Aug 11 19:51:24 CEST 2022,12.61,355,608.83,6495.84,0.12,55015.77,7.81,4,0.68,27949.86,245948.96,3.98,175.23,0.02,1020,624,5445.63,11
7443,Thu Aug 11 19:57:21 CEST 2022,8.41,418,516.16,5901.01,0.06,41681.05,5.04,4,0.57,20991.39,227603.83,2.54,85.18,0.01,639.9,510.5,4074.26,1
2505,Thu Aug 11 20:10:05 CEST 2022,13.25,494,133.91,3719.44,0.03,8095.87,1.94,4,0.49,4074.41,107173.6,0.98,18.67,0,109.8,134.73,819.11,11
7437,Thu Aug 11 20:20:12 CEST 2022,10.37,427,221.14,2867.67,0.07,15952.13,4.37,4,0.56,8005.71,109902.58,2.2,32.19,0.01,208.1,218.5,1601.03,11
5546,Thu Aug 11 20:31:54 CEST 2022,6.72,385,350.33,6607.47,0.04,30678.86,3.36,5,0.78,15523.32,289555.95,1.69,55.46,0.01,355.32,349.33,3080.73,1
5424,Thu Aug 11 20:40:11 CEST 2022,19.88,428,125.3,3600.4,0.05,4275.7,1.08,3,0.42,2178.5,69786.45,0.55,20.04,0,75.7,124.17,442.99,11
3132,Thu Aug 11 20:47:47 CEST 2022,17.51,452,81.6,2908.33,0.05,4430.97,2.04,2,0.27,2234.07,42337.17,1.04,20.61,0.01,55.75,84,443.36,1
7442,Thu Aug 11 20:59:51 CEST 2022,6.43,268,195.28,4960.57,0.05,23238.81,5.98,4,0.9,11686.57,287068.66,3.02,45.48,0.01,278.73,196.42,2317.16,0
6498,Thu Aug 11 21:04:21 CEST 2022,10.67,418,197.07,4908.06,0.07,3760.77,0.71,2,0.29,1922.01,53799.04,0.36,30.15,0.01,78.95,198,406.22,1
6493,Thu Aug 11 21:13:30 CEST 2022,10.99,409,394.13,6705.6,0.06,23873.55,3.23,5,0.73,12166.36,213440.68,1.67,64.49,0.01,401.96,393.33,2379.46,1
7436,Thu Aug 11 21:23:28 CEST 2022,11.18,291,340.08,3960.03,0.08,36562.89,8.07,5,1.03,18552.99,220544.33,4.08,75,0.02,478.35,337.48,3669.69,0
5420,Thu Aug 11 21:28:21 CEST 2022,18.14,298,300.74,4412.18,0.06,24700.67,3.91,3,0.6,12434.9,188426.17,1.97,66.39,0.01,287.92,303.22,2506.71,1
6502,Thu Aug 11 21:50:16 CEST 2022,5.63,303,364.23,3559.7,0.11,42114.85,9.55,3,0.59,21166.34,205269.31,4.78,95.89,0.02,742.57,370.67,4316.83,0
9754,Thu Aug 11 21:55:21 CEST 2022,8.17,358,252.77,3578.06,0.08,21078.77,6.78,4,0.67,10634.08,140417.09,3.43,46.21,0.01,263.13,255.5,2105.03,1
9759,Thu Aug 11 22:06:02 CEST 2022,7.81,377,157.03,2879.97,0.07,9087.53,3.91,3,0.48,4596.29,76014.43,1.98,30.66,0.01,133.69,155.33,929.44,0
5425,Thu Aug 11 22:14:20 CEST 2022,14.69,299,691.73,5949.95,0.1,80933.78,11.53,4,0.8,40593.31,338664.88,5.81,150.08,0.02,1680.6,676.67,7920.4,1
5426,Thu Aug 11 22:19:21 CEST 2022,22.81,358,151.63,2069.87,0.1,8499.22,2.91,3,0.5,4285.47,64091.06,1.49,27.69,0.01,129.72,149.2,870.17,0
7431,Thu Aug 11 22:28:10 CEST 2022,14.09,429,251.43,4039.97,0.06,16050.35,3.56,5,0.7,8149.65,131331.47,1.81,39.37,0.01,269.93,250.67,1634.97,1
3153,Thu Aug 11 22:35:22 CEST 2022,11.23,477,485.57,5353.9,0.06,33651.57,4,4,0.5,16969.81,159338.36,2.02,86.36,0.01,639.62,497.5,3260.38,10
6725,Thu Aug 11 22:55:32 CEST 2022,15.44,467,131.63,2622.31,0.05,6905.78,2.61,5,0.64,3494.65,65140.73,1.33,18.29,0.01,129.76,130.67,701.5,11
7371,Thu Aug 11 23:13:04 CEST 2022,12.97,315,304.63,3724.2,0.05,33052.57,5.49,4,0.76,16667.43,188996.19,2.77,69.55,0.01,390.1,304.3,3336.38,10
9765,Thu Aug 11 23:19:31 CEST 2022,10.77,348,225.77,3189,0.04,14955.52,2.49,4,0.69,7591.72,111556.9,1.27,44.56,0.01,251.03,226.6,1493.45,11
9779,Thu Aug 11 23:26:34 CEST 2022,12.59,345,265.1,5502.8,0.04,25646.96,3.37,3,0.52,12890.43,230481.04,1.7,56.51,0.01,248.7,265.83,2568.7,11
6721,Thu Aug 11 23:33:30 CEST 2022,11.43,289,229.1,3705.36,0.05,14113.08,2.93,5,1.04,7263.11,114707.13,1.53,55.87,0.01,364.36,232,1454.12,11
6500,Thu Aug 11 23:38:21 CEST 2022,9.57,358,580.37,5503.38,0.08,52364.25,7.07,4,0.67,26272.63,230942.01,3.56,99.27,0.01,1252.79,602.17,5270.95,11
6499,Thu Aug 11 23:44:58 CEST 2022,8.81,441,577.53,5675.77,0.07,41854.15,5.25,4,0.54,21029.66,185479.73,2.63,93.18,0.01,884.9,573.67,4176.33,1
3628,Thu Aug 11 23:54:26 CEST 2022,12.27,353,419.73,5470.53,0.08,38763.74,7.28,5,0.85,19607.93,257662.78,3.67,70.64,0.01,467.42,415,3888.95,0
9752,Fri Aug 12 00:01:53 CEST 2022,14.12,326,747.09,5341.81,0.09,63658.16,7.58,4,0.74,32029.33,235981.84,3.82,143.83,0.02,1147.18,738.83,6239.63,1
2507,Fri Aug 12 00:07:21 CEST 2022,15.19,418,331.53,2951.9,0.05,24717.99,4.1,4,0.57,12455.31,107721.53,2.06,49.37,0.01,314.5,328.67,2452.25,1
6239,Fri Aug 12 00:16:50 CEST 2022,12.17,389,225.03,5044.53,0.04,12761.03,2.46,5,0.77,6509.31,125697.99,1.26,40.06,0.01,257.58,226.83,1302.42,1
6490,Fri Aug 12 00:24:11 CEST 2022,20.42,428,149.43,3833.95,0.04,8575.23,1.98,2,0.28,4302.34,92437.01,0.99,26.59,0.01,92.52,149.17,860.75,1
7434,Fri Aug 12 00:31:21 CEST 2022,15.92,478,601.4,5036.1,0.08,35732.64,4.51,3,0.38,17909.62,143282.01,2.26,81.47,0.01,764.44,589.33,3471.97,11
6734,Fri Aug 12 00:43:32 CEST 2022,11.7,347,258.03,4119.33,0.06,22323.8,4.87,4,0.69,11276.2,175512.28,2.46,50.86,0.01,314.87,257.17,2243,1
6243,Fri Aug 12 00:49:21 CEST 2022,13.52,418,87.2,1694.61,0.04,6610.05,2.9,3,0.43,3314.35,50485.26,1.46,15.57,0.01,78.95,87.17,657.42,11
3131,Fri Aug 12 00:58:17 CEST 2022,13.02,482,153.83,3343.73,0.03,9973.94,1.67,6,0.75,5045.23,106009.54,0.85,19.59,0,162.82,155.17,1006.56,1
6232,Fri Aug 12 01:06:21 CEST 2022,7.79,538,506.97,7057.73,0.06,31568.03,2.95,4,0.45,15898.88,192036.8,1.49,67.89,0.01,543.68,502.33,3063.57,1
9758,Fri Aug 12 01:19:34 CEST 2022,15.08,465,150.83,2493.83,0.06,10027.1,4.01,4,0.52,5094.19,80806.45,2.03,28.46,0.01,181.29,148.17,1001.29,0
6723,Fri Aug 12 01:27:21 CEST 2022,12.43,478,222.27,4466.59,0.04,13857.74,2.22,6,0.75,7064.44,141986.36,1.14,31.4,0.01,231.59,222.67,1423.43,10
9750,Fri Aug 12 01:35:46 CEST 2022,23.06,573,543.57,7187.13,0.05,24608.38,2.51,3,0.31,12391.62,153722.3,1.26,56.39,0.01,242.93,545.5,2469.11,11
233,Fri Aug 12 01:49:45 CEST 2022,9.76,334,238.33,6056.45,0.04,23719.76,3.4,5,0.9,11938.92,298957.01,1.72,43.08,0.01,341.32,237.5,2378.44,10
5420,Fri Aug 12 01:59:35 CEST 2022,10.7,404,195.53,7095.07,0.03,9515.35,1.31,5,0.74,4908.42,145563.86,0.68,36.63,0.01,201.98,193.5,971.29,10
7436,Fri Aug 12 02:33:06 CEST 2022,7.03,253,164.09,3640.79,0.04,16717,4,4,0.95,8480.63,166897.23,2.03,51.04,0.01,272.73,164.4,1671.94,1
7957,Fri Aug 12 02:37:21 CEST 2022,14.56,298,157.02,4130.64,0.04,11468.46,2.28,3,0.6,5784.56,138952.75,1.15,37.61,0.01,157.05,157.12,1157.72,1
9754,Fri Aug 12 02:42:21 CEST 2022,6,358,264.21,3712.81,0.04,26107.37,4.41,5,0.84,13118.21,180674.41,2.22,42.63,0.01,337.71,266.77,2619.89,1
5430,Fri Aug 12 02:49:46 CEST 2022,21.07,453,109.9,5987.03,0.02,8584.11,1.34,3,0.4,4294.04,173568.21,0.67,20.23,0,120.53,109.33,855.63,10
2517,Fri Aug 12 02:57:22 CEST 2022,13.63,477,688.03,6958.97,0.08,46758.49,5.66,3,0.38,23500.63,205280.25,2.84,114.12,0.01,644.65,710.17,4606.29,1
6244,Fri Aug 12 03:08:19 CEST 2022,18.35,420,290.3,5514.5,0.04,22710.86,2.8,4,0.57,11403.43,212476.29,1.41,41.98,0.01,278,286.33,2272.29,0
4110,Fri Aug 12 03:15:21 CEST 2022,12.17,418,411.03,6540.82,0.05,26391.39,3.03,3,0.43,13283.25,160717.03,1.53,81.14,0.01,531.1,405.17,2580.86,11
2514,Fri Aug 12 03:22:21 CEST 2022,23.8,538,789.09,7496.79,0.08,47208.85,4.77,4,0.45,23789.44,200288.7,2.4,107.77,0.01,749.67,800.53,4681.56,1
2516,Fri Aug 12 03:47:58 CEST 2022,22.12,441,380.03,5309.41,0.06,20876.19,2.95,5,0.68,10658.5,163928.98,1.49,55.76,0.01,402.04,376,2108.84,1
6732,Fri Aug 12 04:04:21 CEST 2022,6.82,358,522.9,5840.39,0.05,33345.25,3.19,4,0.67,16934.08,151276.42,1.62,106.3,0.01,743.3,526.83,3482.68,11
6493,Fri Aug 12 04:11:21 CEST 2022,7.14,358,745.27,4484.16,0.1,68865.92,9.11,3,0.5,34541.9,168152.18,4.57,181.72,0.02,1526.82,709.33,7250.28,11
9785,Fri Aug 12 04:17:58 CEST 2022,18.27,381,192.5,5817.73,0.04,16218.9,2.32,4,0.63,8207.87,221057.32,1.18,39.64,0.01,215.75,192.5,1631.5,0
5132,Fri Aug 12 04:24:22 CEST 2022,13.56,417,180.3,5242.69,0.03,6602.88,1.05,2,0.29,3358.27,67275.68,0.53,45.05,0.01,123.02,183.83,650.36,11
9752,Fri Aug 12 04:35:07 CEST 2022,9.12,252,307.6,6974.78,0.05,30896.19,5.33,5,1.19,15685.71,334004.76,2.7,81.53,0.01,598.81,305.8,3138.1,1
3134,Fri Aug 12 04:39:21 CEST 2022,14.88,358,206.9,4360.99,0.04,12390.5,2.24,2,0.34,6207.82,111203.13,1.12,45.86,0.01,164.25,206.33,1231.84,11
7371,Fri Aug 12 04:49:12 CEST 2022,10.39,307,138.57,3017.8,0.05,12893.16,4.12,5,0.98,6480.78,146200.65,2.07,26.58,0.01,215.96,138.5,1295.77,11
6500,Fri Aug 12 04:54:21 CEST 2022,4.59,418,156.2,4123.66,0.03,10076.56,1.9,3,0.43,5089.95,111066.6,0.96,33.04,0.01,142.11,156.83,1013.4,1
5425,Fri Aug 12 05:08:02 CEST 2022,11.67,257,26.94,1026.49,0.03,3228.79,1.97,1,0.23,1617.9,23596.11,0.99,29.96,0.02,58.37,27.25,322.18,0
2513,Fri Aug 12 05:12:21 CEST 2022,21.1,298,89.7,2562.94,0.03,7340.94,2.55,3,0.6,3688.59,88191.95,1.28,25.21,0.01,117.79,91.36,722.82,1
6722,Fri Aug 12 05:17:22 CEST 2022,22.29,597,703.37,6135.21,0.08,34119.6,4.16,4,0.4,17129.65,137015.88,2.09,68.75,0.01,705.03,720.67,3524.62,11
9765,Fri Aug 12 05:34:07 CEST 2022,10.35,312,248.5,5290.67,0.04,20178.85,3.02,5,0.96,10234.62,203980.38,1.54,51.7,0.01,350,246.17,2040.38,1
6725,Fri Aug 12 05:39:27 CEST 2022,10.36,352,120.17,6237.29,0.02,4471.02,0.46,2,0.34,2287.5,94725,0.24,38.88,0,89.49,121.17,473.86,11
5424,Fri Aug 12 05:46:28 CEST 2022,15.49,351,109,2691.54,0.03,8528.21,1.98,3,0.51,4304.27,69550.43,1,30.24,0.01,126.5,110,871.79,1
2507,Fri Aug 12 06:02:33 CEST 2022,13.75,406,308.4,4509.6,0.08,27246.8,7.26,4,0.59,13669.95,187742.36,3.64,55.89,0.01,629.56,312.17,2765.02,0
6718,Fri Aug 12 06:23:21 CEST 2022,15.61,358,191.9,6509.23,0.03,17668.16,2.49,3,0.5,8896.09,226458.1,1.25,48.19,0.01,231.28,193.17,1784.92,1
9750,Fri Aug 12 06:41:49 CEST 2022,13.82,390,70.23,3178.73,0.02,5296.92,1.39,3,0.46,2650.77,93178.15,0.7,14.96,0,78.46,71,532.31,11
6734,Fri Aug 12 06:50:56 CEST 2022,10.79,323,268.23,6920.03,0.03,21392.69,2.46,3,0.56,10757.28,280616.1,1.23,53.18,0.01,248.54,267.33,2149.6,11
9758,Fri Aug 12 06:56:24 CEST 2022,11.71,415,152.33,2714.27,0.05,12575.42,3.82,6,0.87,6423.61,90707.86,1.94,31.23,0.01,276.14,150.33,1267.95,0
7435,Fri Aug 12 07:12:22 CEST 2022,19.16,117,6.19,885.07,0.01,743.59,0.47,1,0.51,374.36,22577.44,0.24,16.28,0.01,25.64,6.09,71.79,10
3153,Fri Aug 12 07:14:21 CEST 2022,15.48,478,423.43,7141.27,0.05,27391.63,2.89,4,0.5,13818.83,211950.63,1.46,75.14,0.01,530.96,418.5,2757.74,11
7431,Fri Aug 12 07:34:14 CEST 2022,14.4,425,1630.03,9723.23,0.09,131154.35,7,5,0.71,65960.47,368610.35,3.53,243.7,0.01,2781.18,1645.5,12828.71,11
6502,Fri Aug 12 07:43:46 CEST 2022,8.65,333,260.24,4097.2,0.04,15914.23,2.23,3,0.54,8007.21,135931.53,1.12,43.62,0.01,205.05,257,1594.23,1
6232,Fri Aug 12 07:49:21 CEST 2022,7.9,358,253.37,4595.58,0.05,22682.68,4.46,4,0.67,11396.65,208620.34,2.24,42.83,0.01,289.11,254.83,2274.3,1
9779,Fri Aug 12 07:59:21 CEST 2022,9.7,298,116.29,3370.5,0.03,9487.25,1.88,4,0.81,4866.44,127111.41,0.98,40.4,0.01,221.48,116.27,974.5,10
6721,Fri Aug 12 08:04:55 CEST 2022,13.79,324,354.13,7183.91,0.04,24025.93,3.03,3,0.56,12135.19,231764.44,1.55,73.61,0.01,301.85,358,2418.52,11
9759,Fri Aug 12 08:10:21 CEST 2022,8.45,358,365.41,6211.52,0.05,31851.96,3.8,4,0.67,16017.99,280577.43,1.91,59.25,0.01,371.9,363.23,3172.96,1
6720,Fri Aug 12 08:18:08 CEST 2022,11.38,311,288.06,3936.91,0.05,32198.2,5.31,4,0.77,16181.48,219031.64,2.67,63.2,0.01,414.21,288.7,3233.05,1
7438,Fri Aug 12 08:23:21 CEST 2022,15.33,358,201.57,5457.07,0.04,13327.37,1.84,3,0.5,6693.85,205498.99,0.93,36.3,0,175.14,199.83,1335.75,1
2505,Fri Aug 12 08:29:28 CEST 2022,16.57,411,364.68,8767.82,0.04,24164.09,2.33,4,0.58,12235.04,258852.55,1.18,63.58,0.01,345.11,363,2477.08,0
1117,Fri Aug 12 08:36:21 CEST 2022,23.86,478,432.47,6451.31,0.06,23588.28,3.56,4,0.5,11883.26,194241.84,1.8,47.63,0.01,276.15,450.83,2383.68,1
5920,Fri Aug 12 08:45:09 CEST 2022,25.17,550,337.54,5779.4,0.04,17454.11,2.38,4,0.44,8818.04,149032.8,1.2,40.61,0.01,222.98,340.5,1764.22,1
7437,Fri Aug 12 08:54:21 CEST 2022,12.84,538,285.77,6945.67,0.05,13447.58,1.71,2,0.22,6766.17,135681.19,0.86,46.8,0.01,137.17,286.33,1351.67,1
5546,Fri Aug 12 09:08:09 CEST 2022,8.49,370,267.5,9983.67,0.02,22426.38,1.71,6,0.97,11390.27,418177.3,0.88,46.53,0,363.57,268,2273.84,0
7443,Fri Aug 12 09:14:21 CEST 2022,8.54,598,54.47,5643.17,0.01,2354.85,0.39,3,0.3,1186.96,78106.96,0.2,9.84,0,42.64,54.5,239.8,11
7441,Fri Aug 12 09:32:35 CEST 2022,7.04,464,27.3,3905.87,0.01,1727.59,0.23,2,0.26,865.09,78126.72,0.12,8.91,0,31.03,26.5,169.4,10
5427,Fri Aug 12 09:40:25 CEST 2022,19.53,534,59.27,2826.63,0.02,2322.47,0.53,3,0.34,1178.65,41843.15,0.27,12.42,0,62.92,59.17,238.2,0
6244,Fri Aug 12 09:52:19 CEST 2022,11.4,360,156.53,2876.76,0.04,11925,2.94,4,0.67,6011.67,99690,1.48,29.69,0.01,173.33,156.33,1211.67,1
3132,Fri Aug 12 09:58:21 CEST 2022,20.06,418,250.37,4097.15,0.05,13059.33,2.98,3,0.43,6577.03,74018.76,1.5,44.42,0.01,384.69,250,1360.77,1
9754,Fri Aug 12 10:22:21 CEST 2022,12.94,418,289.8,6101.23,0.04,9460.77,1.27,3,0.43,4822.97,100505.74,0.65,46.66,0.01,177.99,293.83,996.17,11
3628,Fri Aug 12 10:32:53 CEST 2022,15.53,386,173.87,6264.2,0.02,15819.17,1.58,1,0.16,7910.36,121826.42,0.79,86.93,0.01,394.82,183.33,1678.76,0
9765,Fri Aug 12 10:42:57 CEST 2022,7.65,262,252.03,5061.83,0.05,28457.86,5.43,4,0.92,14296.95,283683.21,2.73,58.65,0.01,388.4,252.96,2849.31,1
6499,Fri Aug 12 10:47:21 CEST 2022,14.9,298,168.76,4607.18,0.02,10882.55,1.38,3,0.6,5490.6,150479.6,0.7,35.05,0,161.07,166.95,1065.1,0
7436,Fri Aug 12 10:57:20 CEST 2022,12.38,299,501.63,6815.63,0.07,53893.65,7.84,4,0.8,27303.01,346260.2,4,130.91,0.02,672.24,496.67,5448.16,0
7434,Fri Aug 12 11:02:21 CEST 2022,13.24,298,573.11,6117.73,0.07,63581.88,7.78,3,0.6,31910.74,280975.97,3.91,168.11,0.02,1268.46,580.85,6080.54,1
6723,Fri Aug 12 11:09:25 CEST 2022,14.47,474,355.29,5951.6,0.05,13544.81,2.17,4,0.51,6838.23,158125.82,1.09,33.03,0.01,204.68,344.87,1361.27,1
5425,Fri Aug 12 11:21:03 CEST 2022,10.42,256,524.28,5729.07,0.03,37450.78,2.14,2,0.47,18829.69,213053.91,1.07,140.6,0.01,426.56,520.2,3757.03,1
233,Fri Aug 12 11:25:21 CEST 2022,10.91,298,231.04,3757.42,0.05,24708.72,5.68,4,0.81,12457.05,161100,2.89,53.31,0.01,332.21,231.86,2494.63,1
6243,Fri Aug 12 11:42:21 CEST 2022,16.44,298,332.84,7188.36,0.04,31578.52,3.84,5,1.01,16059.06,313556.38,1.96,74.66,0.01,481.21,332.71,3239.6,10
6732,Fri Aug 12 11:54:06 CEST 2022,10.24,373,188.2,4498.23,0.06,17261.66,5.34,6,0.97,8723.32,202181.02,2.72,31.89,0.01,298.39,187.83,1717.96,1
6500,Fri Aug 12 12:08:21 CEST 2022,11.39,358,263.57,4080.22,0.04,23172.07,3.85,4,0.67,11688.27,164095.98,1.95,48.23,0.01,282.4,266.5,2334.64,11
6493,Fri Aug 12 12:17:22 CEST 2022,8.11,357,251,3624.93,0.06,16149.58,4.23,4,0.67,8225.21,101509.24,2.17,50.74,0.01,272.27,249.33,1642.02,1
2514,Fri Aug 12 12:23:21 CEST 2022,16.55,418,468.13,5536.95,0.08,15295.69,1.9,3,0.43,7864.59,74326.79,0.98,112.54,0.01,613.64,451,1778.47,0
9785,Fri Aug 12 12:42:34 CEST 2022,12.61,285,221.5,4956.64,0.04,22096.84,4.12,3,0.63,11115.79,207597.89,2.09,53.45,0.01,236.84,223.51,2227.37,1
5426,Fri Aug 12 12:53:21 CEST 2022,22.31,418,235.26,2806.67,0.04,11905.55,1.88,4,0.57,6082.11,75755.02,0.96,44.96,0.01,230.1,236.67,1234.74,0
7371,Fri Aug 12 13:04:46 CEST 2022,14.51,333,282.77,4255.47,0.05,28635.68,4.69,5,0.9,14505.23,200989.19,2.37,56.19,0.01,373.87,282.5,2868.47,1
5132,Fri Aug 12 13:12:03 CEST 2022,12.77,376,174.9,2931.72,0.04,11317.02,2.25,4,0.64,5736.7,91243.09,1.15,32.78,0.01,167.55,176.5,1153.72,1
6734,Fri Aug 12 13:25:21 CEST 2022,11.1,298,34.58,448.46,0.02,3740.94,2.03,1,0.2,1898.66,20995.97,1.03,30.14,0.02,56.38,33.39,358.39,10
2513,Fri Aug 12 13:30:21 CEST 2022,12.6,358,125.1,2570.2,0.05,9866.48,4.24,4,0.67,4964.25,85476.54,2.14,22.41,0.01,143.3,152.17,988.83,1
3131,Fri Aug 12 13:36:21 CEST 2022,10.42,418,756.23,6802.85,0.1,57679.52,7.66,5,0.72,29049.47,250448.9,3.85,112.64,0.01,1090.91,776.33,6039.9,11
3153,Fri Aug 12 13:52:26 CEST 2022,12.56,473,511.6,6228.55,0.06,36299.37,4.21,5,0.63,18697.67,206557.04,2.17,97.98,0.01,960.89,499,3787.74,10
6725,Fri Aug 12 14:03:32 CEST 2022,11.72,407,459.63,6850.03,0.05,37419.07,4.33,5,0.74,18897.49,282138.57,2.2,71.81,0.01,504.91,459.33,3778.38,1
6232,Fri Aug 12 14:10:23 CEST 2022,7.83,476,158.77,3163.73,0.05,5852.52,1.34,2,0.25,2968.49,77374.29,0.69,30.24,0.01,99.58,160.83,569.75,11
5430,Fri Aug 12 14:22:53 CEST 2022,19.76,446,135.17,2219.4,0.04,2287,0.93,1,0.13,1154.26,25344.22,0.47,18.32,0.01,24.22,134.67,223.32,11
2504,Fri Aug 12 14:32:49 CEST 2022,13.86,330,471.34,4294.37,0.06,30952.36,3.95,4,0.73,15696,141692.73,2,83.54,0.01,441.64,467.4,3110.18,1
5424,Fri Aug 12 14:38:56 CEST 2022,13.87,383,664.93,4981.39,0.09,43403.34,5.95,4,0.63,21794.26,191733.68,3,84.22,0.01,799.9,661.67,4400.21,11
3134,Fri Aug 12 14:45:21 CEST 2022,15.49,418,341.33,2930.77,0.12,27215.31,8.87,5,0.72,13758.37,91240.77,4.48,63.14,0.02,579.9,351,2679.9,0
6721,Fri Aug 12 14:56:27 CEST 2022,12.16,292,190.12,2902.01,0.07,18869.18,6.6,5,1.03,9539.59,149879.18,3.36,41.42,0.01,314.38,189.17,1901.51,1
5420,Fri Aug 12 15:01:21 CEST 2022,17.83,358,635.03,6278.27,0.11,50897.77,5.22,2,0.34,25650.84,179629.61,2.63,225.12,0.02,699.72,646.33,5078.21,11
6718,Fri Aug 12 15:07:47 CEST 2022,17.58,572,363.67,3423.03,0.07,15438.46,2.56,3,0.31,7772.94,62178.46,1.29,62.8,0.01,399.86,382,1650.84,1
6491,Fri Aug 12 15:18:41 CEST 2022,13.51,578,210.57,3874.5,0.05,11568.17,2.5,5,0.52,5853.63,98908.86,1.27,25.69,0.01,173.88,210.33,1168.86,11
9750,Fri Aug 12 15:29:43 CEST 2022,18.79,516,228.3,4325.07,0.05,10260.47,2.75,3,0.35,5170.93,91069.77,1.38,29.28,0.01,138.37,226,1047.67,0
6498,Fri Aug 12 15:38:46 CEST 2022,16.8,573,241.27,3911.15,0.05,14026.18,2.96,5,0.52,7098.43,110718.12,1.51,27.48,0.01,184.29,242,1420.94,1
2516,Fri Aug 12 15:51:06 CEST 2022,18.3,433,442.07,5488.4,0.07,34594.92,5.39,5,0.69,17494.23,213135.8,2.71,63.69,0.01,457.27,440.67,3475.29,1
1117,Fri Aug 12 15:59:19 CEST 2022,13.01,420,365.13,5692.4,0.05,27012.86,3.45,5,0.71,13662.86,208275.71,1.74,55.18,0.01,368.57,366,2718.57,11
6732,Fri Aug 12 16:09:21 CEST 2022,5.92,298,267.79,5151.12,0.07,21883.49,4.6,4,0.81,11081.07,225048.72,2.33,63.19,0.01,354.77,271.59,2226.85,1
9758,Fri Aug 12 16:14:21 CEST 2022,16.58,298,373.08,3442.98,0.08,40938.93,7.49,4,0.81,20679.87,162811.41,3.79,113.93,0.02,864.77,377.29,4097.32,0
9759,Fri Aug 12 16:20:40 CEST 2022,5.76,519,209.87,3464.9,0.04,11855.49,2.29,5,0.58,6003.47,90797.69,1.16,28.62,0.01,191.91,208.67,1195.38,1
7431,Fri Aug 12 16:31:42 CEST 2022,13.58,397,1109.17,6914.6,0.13,90028.41,11.5,6,0.91,45509.32,294704.28,5.81,163.29,0.02,2342.72,1144.33,8927.15,1
9754,Fri Aug 12 16:40:10 CEST 2022,8.63,369,432.53,3563.09,0.07,36271.54,5.99,6,0.98,18359.02,127833.17,3.05,79.93,0.01,830.57,435.7,3750.57,0
4110,Fri Aug 12 16:46:21 CEST 2022,15.24,418,223.43,4760.93,0.05,12410.24,3.19,3,0.43,6290.24,116255.31,1.61,41.06,0.01,182.01,221,1233.88,1
7441,Fri Aug 12 17:31:21 CEST 2022,8.25,358,202.06,5460.52,0.03,10035.75,1.76,2,0.34,5072.51,88211.06,0.89,44.14,0.01,121.68,204.7,1009.61,11
9779,Fri Aug 12 17:39:12 CEST 2022,10.84,307,200.7,2200.27,0.08,21283.39,8.32,5,0.98,10772.64,99480.78,4.21,45.29,0.02,302.93,201.83,2179.15,0
9752,Fri Aug 12 17:46:06 CEST 2022,10.18,253,349.47,3559.54,0.05,22639.21,3.16,4,0.95,11628.62,102613.75,1.63,102.33,0.02,483.32,353.8,2353.99,10
3628,Fri Aug 12 17:50:21 CEST 2022,10.78,298,217.25,3378.38,0.06,22166.17,5.3,4,0.81,11168.86,155850.6,2.68,52,0.01,295.17,218.07,2232.48,10
6499,Fri Aug 12 17:55:21 CEST 2022,9.96,418,276.57,3832.13,0.06,21904.31,4.42,6,0.86,11155.98,125774.93,2.25,51.06,0.01,383.97,277.5,2214.83,0
7436,Fri Aug 12 18:06:48 CEST 2022,9.48,271,233.42,2651.85,0.1,26253.87,6.29,3,0.66,13266.42,149075.42,3.21,75.25,0.02,332.1,231.67,2610.33,0
6500,Fri Aug 12 18:11:21 CEST 2022,7.81,298,275.55,4958.33,0.05,24336.24,3.96,4,0.81,12370.47,211159.73,2.01,68.52,0.01,370.47,276.61,2482.55,1
6720,Fri Aug 12 18:18:26 CEST 2022,8.99,293,333.56,4283.24,0.1,21828.94,8.07,5,1.02,11193.17,169681.23,4.11,81.04,0.02,726.96,343.24,2267.71,1
6243,Fri Aug 12 18:23:21 CEST 2022,9.87,298,642.47,5306.66,0.16,63541.61,8.39,3,0.6,31940.94,255197.32,4.23,202.46,0.03,1372.15,653.56,6269.8,11
2513,Fri Aug 12 18:30:58 CEST 2022,7.37,441,244.57,4384.9,0.05,15914.29,3.38,5,0.68,8074.83,147957.82,1.71,33.63,0.01,229.25,242.83,1609.25,0
7371,Fri Aug 12 18:40:21 CEST 2022,9.69,298,190.17,4422.42,0.07,14949.66,5.73,4,0.81,7550.34,158062.95,2.92,42.21,0.02,247.65,187.97,1489.93,1
6244,Fri Aug 12 18:45:29 CEST 2022,15.62,410,210.03,3386.15,0.07,9930.44,2.39,2,0.29,4998.15,71204.78,1.21,39.7,0.01,110.63,208.53,996.59,11
2514,Fri Aug 12 18:52:21 CEST 2022,12.37,418,238.9,3307.8,0.05,15324.98,3.11,4,0.57,7722.2,109996.36,1.58,37.65,0.01,224.07,238.67,1538.47,1
5425,Fri Aug 12 19:03:34 CEST 2022,12.61,285,382.5,6557.85,0.08,41081.68,6.56,5,1.05,20730.95,370165.89,3.33,82.3,0.01,618.95,383.65,4122.11,1
233,Fri Aug 12 19:08:22 CEST 2022,8.81,297,392.42,3757.17,0.1,39305.05,8.04,3,0.61,19719.19,174334.14,4.03,100.2,0.02,680.81,402.37,3937.37,1
6722,Fri Aug 12 19:14:00 CEST 2022,22.26,679,148.9,5874.03,0.03,5492.78,0.74,2,0.18,2774.67,100451.84,0.37,17.86,0,45.07,149.5,562,10
6493,Fri Aug 12 19:31:47 CEST 2022,7.01,332,170.66,3664.56,0.09,17074.7,7.59,6,1.08,8680.48,164415.54,3.88,37.97,0.02,312.11,169.17,1726.99,1
6734,Fri Aug 12 19:39:01 CEST 2022,10.27,318,352.37,3944.35,0.07,23520.75,4.12,4,0.75,11988.68,132951.32,2.12,85.76,0.02,438.68,353.33,2426.42,1
7435,Fri Aug 12 19:44:21 CEST 2022,18.6,358,370.14,2664.91,0.12,32335.31,8.88,4,0.67,16253.3,100071.62,4.47,80.34,0.02,844.02,359.5,3159.22,0
6239,Fri Aug 12 19:50:42 CEST 2022,14.6,457,417.93,5452.63,0.06,30144.42,4.04,5,0.66,15241.58,195569.28,2.04,59.02,0.01,397.81,421.33,3035.45,1
2517,Fri Aug 12 19:58:21 CEST 2022,21.3,538,430.01,3933.87,0.1,28135.09,6.27,4,0.45,14124.54,125471.38,3.16,52.43,0.01,499.18,443.5,2710.71,1
5920,Fri Aug 12 20:09:44 CEST 2022,21.53,515,231.37,4500.87,0.05,13182.06,2.65,4,0.47,6624.47,131911.46,1.33,27.7,0.01,170.8,231.43,1328.16,11
2505,Fri Aug 12 20:20:50 CEST 2022,14.9,389,211.33,2949.61,0.06,13881.75,3.51,4,0.62,7025.09,94242.88,1.8,36.36,0.01,198.66,213.67,1400.82,11
7437,Fri Aug 12 20:27:21 CEST 2022,11.97,418,159.27,2585.88,0.06,8394.26,2.31,3,0.43,4238.76,66984.4,1.17,25.41,0.01,116.27,159.33,858.37,11
5546,Fri Aug 12 20:35:44 CEST 2022,5.95,575,413.67,8906.57,0.04,23623.72,2.38,5,0.52,11942.4,241687.51,1.21,45.46,0,313.57,416.1,2387.48,11
5546,Fri Aug 12 20:56:04 CEST 2022,0,75,401.58,2401.92,0.09,17336,3.63,1,0.8,8984,43672,1.93,641.71,0.14,1412,388.67,1728,1
2511,Fri Aug 12 20:57:21 CEST 2022,12.88,118,279.82,3147.33,0.11,27287.8,10.29,1,0.51,13775.59,112437.97,5.22,222.19,0.08,363.05,280.52,2658.31,0
7443,Fri Aug 12 21:14:21 CEST 2022,5.38,658,133.07,2649.73,0.08,4273.31,1.82,4,0.36,2189.91,39307.29,0.93,17.97,0.01,87.9,134.17,445.17,0
3153,Fri Aug 12 21:29:13 CEST 2022,12.75,546,114.63,4519.5,0.02,6104.4,0.97,4,0.44,3090.11,118091.21,0.49,14.93,0,82.42,114.67,623.08,10
5420,Fri Aug 12 21:39:02 CEST 2022,14.17,497,1085.1,7008.37,0.13,58994.37,6.92,3,0.36,29605.23,182160.24,3.47,143.84,0.02,1195.17,1091,5857.55,1
7957,Fri Aug 12 21:50:38 CEST 2022,15.6,341,217.64,2667.13,0.04,19906.28,3.91,4,0.7,10012.79,118605.75,1.96,41.09,0.01,259.35,216.83,1995.31,1
6723,Fri Aug 12 21:56:21 CEST 2022,15.84,418,543.73,4504.85,0.08,43039.52,6.3,4,0.57,21618.09,158539.81,3.17,84.5,0.01,748.85,555.37,4184.5,1
6232,Fri Aug 12 22:03:21 CEST 2022,9.04,538,458.41,6397.23,0.05,30019.85,2.97,5,0.56,15172.19,208027.14,1.5,52.02,0.01,374.72,459,3009.81,1
6721,Fri Aug 12 22:18:21 CEST 2022,11.83,298,174.11,1282.74,0.16,15924.16,10.36,2,0.4,8057.72,51028.19,5.32,85.54,0.06,229.53,175.25,1606.71,10
7438,Fri Aug 12 22:23:21 CEST 2022,17.44,358,847.57,7021.29,0.11,83202.23,10.38,4,0.67,41825.7,321083.8,5.22,169.17,0.02,1422.91,868.17,8405.03,1
7434,Fri Aug 12 22:29:21 CEST 2022,10.63,478,1071.86,8393.87,0.08,75430.29,5.97,5,0.63,37943.85,268518.08,3,140.79,0.01,1393.93,1063.53,7756.82,1
2507,Fri Aug 12 22:39:06 CEST 2022,17.59,553,657.99,5084.1,0.1,36637.11,5.62,4,0.43,18439.64,118520.07,2.83,91.83,0.01,797.79,657.5,3559.42,1
6499,Fri Aug 12 22:52:13 CEST 2022,7.18,366,258.26,2575.01,0.05,15671.15,3.11,6,0.98,8034.75,79364.92,1.61,47.53,0.01,352.79,259.83,1567.87,0
7436,Fri Aug 12 23:00:35 CEST 2022,6.42,284,621.78,4979.51,0.12,54104.37,11.45,3,0.63,27278.03,184318.31,5.75,160.15,0.03,994.86,606.46,5596.48,0
6725,Fri Aug 12 23:05:21 CEST 2022,11.85,298,212.64,3709.3,0.05,20788.59,3.88,3,0.6,10491.95,165063.22,1.96,60.28,0.01,241.61,212.37,2069.8,1
6718,Fri Aug 12 23:10:40 CEST 2022,14.46,459,267.27,3353.63,0.05,15701.18,2.64,3,0.39,7888.89,96879.74,1.33,38.13,0.01,188.63,267.9,1581.96,11
6490,Fri Aug 12 23:20:22 CEST 2022,17.9,357,112.43,1758.42,0.06,5796.64,2.67,3,0.5,2922.69,51867.56,1.35,20.2,0.01,90.76,112.17,564.71,11
6491,Fri Aug 12 23:26:21 CEST 2022,12.16,358,510,5706.85,0.06,31429.61,3.84,3,0.5,15848.04,121146.03,1.94,102.99,0.01,926.82,526.33,3264.8,1
6500,Fri Aug 12 23:35:47 CEST 2022,6.84,392,362.3,4737.97,0.07,23360.2,4.5,3,0.46,11759.69,108272.45,2.27,73.04,0.01,555.61,374.67,2458.16,1
9754,Fri Aug 12 23:42:25 CEST 2022,9.61,414,390.5,4785.63,0.07,26430.43,4.04,2,0.29,13271.01,109346.38,2.03,107.75,0.02,445.65,394,2533.33,11
9765,Fri Aug 12 23:51:50 CEST 2022,10.37,329,262.37,5321.32,0.05,23471.12,3.24,2,0.36,11748.33,188056.41,1.62,65.54,0.01,456.84,267.33,2208.51,10
7371,Fri Aug 12 23:58:41 CEST 2022,8.85,278,212.42,5971.63,0.03,22068.35,2.71,4,0.86,11136.26,290768.63,1.37,48.32,0.01,265.04,213.45,2211.8,0
6502,Sat Aug 13 00:04:29 CEST 2022,6.67,290,177.93,2162.94,0.04,14706.62,3.33,4,0.83,7442.9,86854.76,1.69,39.31,0.01,211.86,177.9,1464,11
9779,Sat Aug 13 00:19:42 CEST 2022,7.75,277,154.58,3076.65,0.05,11559.42,3.54,4,0.87,5849.24,126716.97,1.81,34.56,0.01,196.68,154.91,1164.04,1
5424,Sat Aug 13 00:24:46 CEST 2022,14.97,333,391.5,4482.19,0.08,21998.2,5.03,3,0.54,11093.69,148436.04,2.54,61.78,0.01,263.06,398.67,2230.63,1
6498,Sat Aug 13 00:30:21 CEST 2022,8.95,358,234.03,2240.69,0.07,16670.95,5.67,4,0.67,8394.97,84019.11,2.85,34.14,0.01,214.53,230,1649.16,10
9752,Sat Aug 13 00:39:45 CEST 2022,11.43,274,221.85,4693.21,0.08,17577.37,8.23,4,0.88,8894.89,188301.02,4.15,48.88,0.02,304.38,220.36,1743.07,1
9750,Sat Aug 13 00:44:22 CEST 2022,21.26,357,149.53,2298.05,0.04,7191.6,1.61,3,0.5,3668.91,54053.11,0.84,38.15,0.01,154.62,149.17,714.29,0
9758,Sat Aug 13 00:51:06 CEST 2022,16.05,493,359.77,5397.03,0.05,22052.74,2.84,4,0.49,11129.82,163656.63,1.43,46.55,0.01,257.4,362.33,2218.66,1
3628,Sat Aug 13 01:03:58 CEST 2022,10.01,321,133.2,2594.23,0.02,9762.62,1.68,3,0.56,4943.93,77261.68,0.85,30.22,0.01,133.64,134,943.93,10
5430,Sat Aug 13 01:09:22 CEST 2022,19.75,417,788.33,7454.75,0.08,45136.69,4.42,3,0.43,22680.58,214715.68,2.22,135.46,0.01,823.74,820.67,4398.56,11
3134,Sat Aug 13 01:31:39 CEST 2022,15.48,580,550.8,4604.33,0.18,25522.76,8.11,4,0.41,12846.21,104120.69,4.07,64.61,0.02,520.86,554.33,2642.07,11
6243,Sat Aug 13 01:42:42 CEST 2022,9.44,517,116.67,2328.1,0.04,6214.7,1.76,4,0.46,3138.1,68557.83,0.89,14.68,0,99.81,117.17,642.94,11
6734,Sat Aug 13 01:55:34 CEST 2022,10.45,285,153.94,3752.83,0.04,15611.79,4.02,5,1.05,7888,187851.37,2.06,32.03,0.01,233.68,152.53,1570.95,0
233,Sat Aug 13 02:01:02 CEST 2022,8.45,317,120.67,2143.75,0.05,11926.18,4.46,3,0.57,6000,73638.36,2.25,32.37,0.01,149.53,123.33,1203.79,11
2504,Sat Aug 13 02:09:39 CEST 2022,14.66,400,289.13,8197.23,0.03,22089.9,2,5,0.75,11219.7,300735.9,1.01,46.47,0,279,288,2232.3,1
2513,Sat Aug 13 02:17:55 CEST 2022,11.59,384,637.94,6308.53,0.07,55021.56,5.87,4,0.63,27614.06,242192.19,2.95,118.98,0.01,1261.09,608.93,5569.06,11
5425,Sat Aug 13 02:26:43 CEST 2022,12.2,276,247.16,4953.49,0.04,29311.74,4.76,6,1.3,14852.61,294436.09,2.4,60.86,0.01,511.3,244.33,2912.17,0
2516,Sat Aug 13 02:31:21 CEST 2022,16.46,298,208.86,3571.44,0.07,20198.66,5.01,4,0.81,10165.77,183487.25,2.55,41.16,0.01,275.84,207.97,2029.53,11
7435,Sat Aug 13 02:37:54 CEST 2022,10.38,325,254.43,3417.79,0.03,24516.92,2.93,5,0.92,12356.31,166241.72,1.48,46.2,0.01,341.54,256.17,2466.46,1
6732,Sat Aug 13 02:43:21 CEST 2022,13.7,358,375.39,4759.25,0.07,27372.4,4.53,5,0.84,13940.11,168347.26,2.31,69.82,0.01,470.11,377.7,2776.09,11
2514,Sat Aug 13 02:49:21 CEST 2022,16.38,418,333.13,5496.91,0.05,21406.22,3.01,3,0.43,10778.47,167055.22,1.51,51.85,0.01,242.58,332.67,2137.32,11
4110,Sat Aug 13 02:58:02 CEST 2022,13.36,497,892.73,9087.2,0.09,60301.81,5.99,5,0.6,30393.56,301111.87,3.02,112.81,0.01,1019.52,875.67,5931.19,1
